0.00796751 -0.999968 -0.000846226 -0.0137777 -0.00277105 0.000824171 -0.999996 -0.0554212 0.999964 0.00796982 -0.0027644 -0.291859
0.00762824 -0.999971 -0.000774435 0.042016 -0.0016378 0.000761962 -0.999998 -0.082514 0.999969 0.00762949 -0.00163194 1.02417
0.00918253 -0.999958 -0.000290793 0.0969821 -0.000990916 0.000281705 -0.999999 -0.104282 0.999958 0.00918282 -0.000988281 2.27328
0.00940354 -0.999955 0.00127097 0.0865745 -0.00201611 -0.00128999 -0.999997 -0.136297 0.999954 0.00940095 -0.00202815 3.52964
0.00923144 -0.999956 0.00167372 0.0811931 -0.00189119 -0.00169125 -0.999996 -0.152846 0.999956 0.00922824 -0.00190672 4.90076
0.00894651 -0.999958 0.00198271 0.0594573 -0.00111882 -0.0019928 -0.999998 -0.168042 0.999959 0.00894426 -0.0011366 6.22409
0.00904167 -0.999955 0.00304012 0.0672134 1.50941e-05 -0.0030401 -0.999996 -0.208043 0.999959 0.00904167 -1.23883e-05 7.5411
0.00899994 -0.999954 0.00318979 0.0547958 0.000610469 -0.00318443 -0.999994 -0.227966 0.999959 0.00900185 0.000581781 8.89275
0.00841305 -0.999962 0.0022992 0.0353749 -0.00107614 -0.00230832 -0.999997 -0.25557 0.999965 0.00841056 -0.00109552 10.2178
0.00854173 -0.999964 -0.000540741 0.0309336 -0.0031876 0.000513529 -0.999995 -0.273974 0.999959 0.00854341 -0.0031831 11.5537
0.00866477 -0.999957 -0.00324529 0.0294738 -0.00430632 0.00320807 -0.999986 -0.299334 0.999954 0.00867862 -0.00427834 12.9042
0.00883657 -0.999941 -0.00624393 0.00619025 -0.0044554 0.00620474 -0.999971 -0.324946 0.999951 0.00886413 -0.00440031 14.2471
0.00911099 -0.999935 -0.00691147 -0.01269 -0.00358692 0.00687903 -0.99997 -0.346548 0.999952 0.00913551 -0.00352401 15.5798
0.00894325 -0.999948 -0.00497185 0.000266594 -0.00103929 0.00496275 -0.999987 -0.376737 0.999959 0.0089483 -0.000994859 16.9352
0.00876945 -0.999962 -0.000679058 -0.0159186 0.000912071 0.000687082 -0.999999 -0.407407 0.999961 0.00876882 0.000918066 18.3217
0.00873827 -0.999961 0.00150776 -0.0230596 -0.000657694 -0.00151356 -0.999999 -0.439247 0.999962 0.00873727 -0.000670899 19.6396
0.00929164 -0.999953 0.00259801 -0.0175574 -0.00318989 -0.00262775 -0.999991 -0.450846 0.999952 0.00928327 -0.00321416 20.9851
0.00976302 -0.999952 0.000158435 -0.0194296 -0.00411481 -0.000198611 -0.999992 -0.500956 0.999943 0.00976228 -0.00411655 22.3436
0.0104378 -0.999943 -0.0021913 -0.0351702 -0.00293542 0.00216076 -0.999993 -0.500539 0.999941 0.0104441 -0.0029127 23.6693
0.0111811 -0.999934 -0.00251267 -0.0330995 0.000977052 0.00252375 -0.999997 -0.524116 0.999937 0.0111786 0.0010052 25.0326
0.0111023 -0.999939 -2.58956e-05 -0.0457694 0.0022756 5.11628e-05 -0.999997 -0.53956 0.999935 0.0111022 0.00227603 26.4327
0.0112722 -0.999932 0.00291126 -0.0454422 0.00126157 -0.00289722 -0.999995 -0.587175 0.999936 0.0112758 0.00122882 27.8204
0.0115694 -0.999924 0.00418892 -0.0526198 -0.00130857 -0.00420433 -0.99999 -0.580629 0.999933 0.0115638 -0.00135711 29.188
0.0117124 -0.999925 0.0035252 -0.0416111 -0.00332899 -0.00356441 -0.999988 -0.641352 0.999926 0.0117006 -0.00337049 30.58
0.0122878 -0.999924 0.00115056 -0.0555844 -0.00476783 -0.00120922 -0.999988 -0.635722 0.999913 0.0122821 -0.00478232 31.953
0.0127527 -0.999918 -0.000407033 -0.0616261 -0.0063732 0.000325777 -0.999979 -0.678887 0.999898 0.012755 -0.00636854 33.3352
0.0131288 -0.999913 -0.00117339 -0.0758886 -0.00619439 0.00109214 -0.99998 -0.696684 0.999895 0.0131358 -0.00617951 34.6803
0.0125589 -0.99992 -0.000858666 -0.0638818 -0.00499739 0.000795957 -0.999988 -0.739441 0.999909 0.012563 -0.004987 36.1248
0.0125134 -0.99992 -0.00185934 -0.0751358 -0.00351625 0.00181547 -0.999992 -0.760722 0.999915 0.0125198 -0.00349325 37.4888
0.0124795 -0.999911 -0.0047034 -0.0885352 -0.00307358 0.00466538 -0.999985 -0.793654 0.999918 0.0124937 -0.00301508 38.907
0.0123015 -0.999898 -0.00726976 -0.0766461 -0.00344057 0.00722794 -0.999968 -0.822934 0.999918 0.0123261 -0.00335131 40.3192
0.012276 -0.999884 -0.00900019 -0.0897589 -0.00312334 0.00896248 -0.999955 -0.842341 0.99992 0.0123035 -0.00301296 41.7523
0.0124386 -0.999869 -0.010353 -0.105115 -0.00307613 0.0103155 -0.999942 -0.874031 0.999918 0.0124697 -0.00294742 43.1249
0.0121938 -0.999883 -0.00917989 -0.118501 -0.00310351 0.00914268 -0.999953 -0.899458 0.999921 0.0122218 -0.00299166 44.4881
0.0114856 -0.999896 -0.00864425 -0.113981 -0.00367987 0.0086025 -0.999956 -0.935655 0.999927 0.0115169 -0.00358068 45.9382
0.0102778 -0.999913 -0.00819658 -0.111891 -0.0031459 0.00816464 -0.999962 -0.96515 0.999942 0.0103032 -0.00306171 47.3743
0.00942188 -0.999922 -0.00820141 -0.121931 -0.00236036 0.00817951 -0.999964 -0.988429 0.999953 0.00944089 -0.00228311 48.7734
0.00847644 -0.999926 -0.00867821 -0.128059 -0.00250221 0.00865727 -0.999959 -1.01926 0.999961 0.00849781 -0.00242864 50.1969
0.00758827 -0.999927 -0.00948125 -0.153027 -0.00220544 0.00946476 -0.999953 -1.04854 0.999969 0.00760882 -0.00213346 51.5979
0.00643529 -0.999936 -0.0092521 -0.160993 -0.00129158 0.00924398 -0.999956 -1.07322 0.999979 0.00644696 -0.00123202 53.041
0.00541604 -0.999953 -0.00804677 -0.163134 -0.00022236 0.00804569 -0.999968 -1.10111 0.999985 0.00541765 -0.000178776 54.5233
0.00493714 -0.99997 -0.00598999 -0.170613 -0.000119027 0.00598948 -0.999982 -1.1223 0.999988 0.00493777 -8.94501e-05 55.9254
0.00457483 -0.999982 -0.00391464 -0.182372 -0.000600455 0.00391193 -0.999992 -1.14926 0.99999 0.00457714 -0.000582554 57.3164
0.00404034 -0.999988 -0.00277387 -0.180428 -0.000411604 0.00277222 -0.999996 -1.1802 0.999991 0.00404146 -0.000400389 58.7958
0.00466515 -0.999987 -0.00167851 -0.19611 0.000268869 0.00167978 -0.999999 -1.2081 0.999989 0.00466469 0.000276703 60.1961
0.00534944 -0.999985 -8.34318e-05 -0.216389 0.00109084 8.92689e-05 -0.999999 -1.22987 0.999985 0.00534935 0.0010913 61.6326
0.00579871 -0.999981 0.00186836 -0.226923 0.000717032 -0.00186424 -0.999998 -1.25886 0.999983 0.00580004 0.000706207 63.048
0.00680561 -0.999972 0.00309103 -0.250776 -0.000289023 -0.00309306 -0.999995 -1.28236 0.999976 0.00680468 -0.000310061 64.4997
0.00728992 -0.999969 0.00291532 -0.261085 -0.000499838 -0.00291904 -0.999995 -1.31367 0.999973 0.00728843 -0.000521093 65.8796
0.00778114 -0.999969 0.000970077 -0.267199 -0.000556169 -0.000974437 -0.999999 -1.3434 0.99997 0.00778061 -0.000563739 67.3449
0.00848678 -0.999962 -0.00171339 -0.283257 0.000535994 0.001718 -0.999998 -1.36947 0.999963 0.00848585 0.000550565 68.7119
0.0092431 -0.999944 -0.00507514 -0.297431 0.00179246 0.00509192 -0.999985 -1.39978 0.999956 0.00923386 0.00183942 70.139
0.00982941 -0.999913 -0.00880405 -0.308331 0.00233915 0.00882745 -0.999958 -1.42335 0.999949 0.0098084 0.00242571 71.5336
0.0101368 -0.999858 -0.0134807 -0.312552 0.00197784 0.0135014 -0.999907 -1.44561 0.999947 0.0101092 0.00211442 72.9332
0.0109347 -0.999799 -0.0168445 -0.324629 0.0012863 0.0168595 -0.999857 -1.47389 0.99994 0.0109115 0.00147039 74.3383
0.0114431 -0.999772 -0.0180554 -0.329805 0.0010099 0.0180681 -0.999836 -1.49396 0.999934 0.011423 0.00121643 75.755
0.0116013 -0.999772 -0.0179081 -0.32891 0.00145954 0.0179262 -0.999839 -1.51641 0.999932 0.0115733 0.00166718 77.1445
0.0118237 -0.99978 -0.0172826 -0.333954 0.00142555 0.0173006 -0.999849 -1.55176 0.999929 0.0117973 0.00162979 78.5529
0.0118654 -0.999786 -0.0169271 -0.348354 0.000427909 0.0169334 -0.999856 -1.57535 0.99993 0.0118564 0.000628736 79.9033
0.0112617 -0.999798 -0.0166245 -0.338752 0.000440599 0.0166305 -0.999862 -1.60498 0.999937 0.0112528 0.0006278 81.2914
0.0111405 -0.999821 -0.0152606 -0.355614 0.000564574 0.0152678 -0.999883 -1.62617 0.999938 0.0111306 0.000734566 82.6991
0.0106352 -0.999826 -0.0152831 -0.363862 0.000106941 0.0152851 -0.999883 -1.65679 0.999944 0.0106323 0.000269488 84.0625
0.00969611 -0.999819 -0.0163541 -0.3674 0.000422081 0.0163589 -0.999866 -1.68195 0.999953 0.00968791 0.000580615 85.4916
0.0088448 -0.999849 -0.0149906 -0.377074 0.00121718 0.0150019 -0.999887 -1.70782 0.99996 0.00882555 0.00134968 86.8269
0.00799362 -0.999868 -0.0141417 -0.389693 0.00226345 0.0141601 -0.999897 -1.73822 0.999966 0.00796079 0.00237634 88.1986
0.006594 -0.999905 -0.0120606 -0.38706 0.00295354 0.0120803 -0.999922 -1.76623 0.999974 0.00655786 0.00303293 89.6387
0.00574714 -0.999935 -0.00982068 -0.395649 0.00283296 0.00983709 -0.999948 -1.7877 0.999979 0.00571901 0.00288931 90.9462
0.00546717 -0.999954 -0.00796182 -0.406452 0.00234086 0.00797471 -0.999965 -1.8073 0.999983 0.00544834 0.00238434 92.3436
0.00527808 -0.99996 -0.00730801 -0.413737 0.00196945 0.0073185 -0.999972 -1.83347 0.999984 0.00526354 0.00200801 93.673
0.0050959 -0.999961 -0.00714346 -0.43156 0.00148091 0.00715108 -0.999973 -1.85649 0.999986 0.00508519 0.00151728 95.0765
0.00512234 -0.99996 -0.0073215 -0.438202 0.000803533 0.00732572 -0.999972 -1.88036 0.999986 0.0051163 0.000841026 96.382
0.0051169 -0.999957 -0.00779604 -0.459944 0.000221012 0.00779727 -0.999969 -1.90857 0.999987 0.00511502 0.000260901 97.7564
0.00557101 -0.999949 -0.00848795 -0.47924 0.00034644 0.00849001 -0.999964 -1.92617 0.999984 0.00556786 0.000393721 99.1335
0.00581156 -0.999939 -0.00945109 -0.482509 0.00172561 0.00946126 -0.999954 -1.95757 0.999981 0.00579498 0.00178048 100.442
0.00578854 -0.99993 -0.0102808 -0.496239 0.0031196 0.010299 -0.999942 -1.98324 0.999978 0.00575614 0.003179 101.833
0.00600051 -0.999937 -0.00945618 -0.51821 0.00193966 0.00946798 -0.999954 -2.00454 0.99998 0.00598189 0.00199636 103.122
0.0061017 -0.999928 -0.0103282 -0.533266 -0.000808754 0.0103234 -0.999946 -2.0268 0.999981 0.00610972 -0.000745707 104.498
0.00595121 -0.999933 -0.00986914 -0.542836 -0.00188418 0.00985808 -0.99995 -2.05372 0.999981 0.00596951 -0.00182539 105.854
0.00598677 -0.999955 -0.00740564 -0.555153 -0.000589537 0.00740224 -0.999972 -2.08428 0.999982 0.00599097 -0.000545198 107.141
0.00662546 -0.999968 -0.00449478 -0.562134 0.00142557 0.00450432 -0.999988 -2.10661 0.999977 0.00661898 0.00145536 108.515
0.00762984 -0.999967 -0.00289755 -0.573156 0.00216536 0.00291415 -0.999994 -2.13538 0.999969 0.00762352 0.00218752 109.814
0.00833866 -0.999961 -0.00262684 -0.582686 0.000873089 0.0026342 -0.999996 -2.15786 0.999965 0.00833633 0.00089502 111.128
0.0087331 -0.999953 -0.00431074 -0.593714 -0.00176644 0.00429547 -0.999989 -2.17324 0.99996 0.00874062 -0.00172885 112.449
0.00993372 -0.999925 -0.0071986 -0.601666 -0.00382108 0.00716094 -0.999967 -2.20832 0.999944 0.00996091 -0.00374966 113.833
0.0115083 -0.999894 -0.00895124 -0.604419 -0.00391419 0.00890672 -0.999953 -2.22889 0.999926 0.0115428 -0.00381127 115.149
0.0129016 -0.999862 -0.0104175 -0.615949 -0.00168175 0.0103966 -0.999945 -2.26195 0.999915 0.0129184 -0.00154739 116.507
0.0140719 -0.999849 -0.0101677 -0.62138 0.000625027 0.0101775 -0.999948 -2.28831 0.999901 0.0140648 0.000768148 117.807
0.0148971 -0.99984 -0.00990909 -0.615493 0.00102759 0.00992549 -0.99995 -2.31505 0.999888 0.0148862 0.00117529 119.182
0.0159346 -0.999814 -0.0108451 -0.619015 0.000223991 0.0108501 -0.999941 -2.3381 0.999873 0.0159312 0.000396842 120.509
0.0172366 -0.999781 -0.0119277 -0.614502 -8.93281e-05 0.0119279 -0.999929 -2.35925 0.999852 0.0172365 0.000116295 121.81
0.0180784 -0.999745 -0.0135725 -0.612625 -0.000541511 0.0135649 -0.999907 -2.3802 0.999837 0.0180841 -0.000296147 123.181
0.019599 -0.999712 -0.0138635 -0.618952 -0.00158697 0.013835 -0.999903 -2.39859 0.999807 0.019619 -0.00131536 124.451
0.0206902 -0.999665 -0.0155345 -0.608731 -0.00241943 0.0154877 -0.999877 -2.42839 0.999783 0.0207253 -0.00209817 125.844
0.021531 -0.999653 -0.0151938 -0.600515 -0.00260715 0.0151411 -0.999882 -2.45917 0.999764 0.0215681 -0.00228024 127.192
0.0224415 -0.999642 -0.0145815 -0.601936 -0.00153125 0.0145508 -0.999893 -2.4864 0.999747 0.0224613 -0.00120417 128.481
0.0231339 -0.999649 -0.0129002 -0.584847 -0.000289054 0.012897 -0.999917 -2.50703 0.999732 0.0231357 9.40721e-06 129.846
0.0234716 -0.999643 -0.0127045 -0.570066 -0.000353872 0.0126996 -0.99992 -2.53764 0.999724 0.0234742 -5.56623e-05 131.173
0.0234533 -0.999671 -0.010384 -0.559832 0.000145368 0.0103903 -0.999946 -2.56092 0.999725 0.0234505 0.000389009 132.515
0.0232646 -0.999695 -0.00831694 -0.551858 0.000776422 0.00833725 -0.999964 -2.58322 0.999729 0.0232574 0.000970141 133.851
0.0226856 -0.999721 -0.00661504 -0.540121 0.00047572 0.00662754 -0.999978 -2.60851 0.999743 0.022682 0.000625937 135.209
0.0216519 -0.999751 -0.00546844 -0.527781 0.000349614 0.00547729 -0.999985 -2.63199 0.999765 0.0216496 0.000468123 136.525
0.0205346 -0.999784 -0.00341322 -0.516478 0.00138264 0.00344233 -0.999993 -2.65371 0.999788 0.0205298 0.00145302 137.879
0.0192338 -0.999811 -0.00282127 -0.498034 0.00148077 0.00285027 -0.999995 -2.68036 0.999813 0.0192295 0.00153532 139.219
0.0182136 -0.999833 -0.001244 -0.492821 0.00144285 0.00127049 -0.999998 -2.70004 0.999833 0.0182117 0.00146574 140.565
0.0168843 -0.999856 -0.0015801 -0.488536 0.000959867 0.00159653 -0.999999 -2.72576 0.999857 0.0168828 0.000986683 141.875
0.0158821 -0.999874 -0.00108811 -0.48282 0.000509304 0.00109634 -1 -2.74081 0.999873 0.0158816 0.000526649 143.214
0.0149127 -0.999888 -0.000866951 -0.479516 -0.00183769 0.000839639 -0.999998 -2.77134 0.999887 0.0149142 -0.00182496 144.597
0.0144245 -0.999875 0.00635273 -0.462191 -0.00265842 -0.00639172 -0.999976 -2.79669 0.999892 0.0144073 -0.00275029 145.888
0.0132385 -0.999807 0.0145366 -0.457825 0.000211893 -0.014535 -0.999895 -2.8226 0.999912 0.0132402 1.94331e-05 147.281
0.0117146 -0.999698 0.0216207 -0.442687 0.00188316 -0.0216002 -0.999765 -2.84447 0.999929 0.0117526 0.00162956 148.586
0.0102941 -0.999641 0.0247509 -0.441121 -0.00115471 -0.0247641 -0.999692 -2.87025 0.999946 0.0102624 -0.00140922 149.924
0.0107212 -0.999671 0.0233031 -0.443607 -0.00491295 -0.0233568 -0.999715 -2.89757 0.999931 0.0106037 -0.00516175 151.296
0.0116077 -0.999732 0.0200011 -0.454976 -0.00680392 -0.0200809 -0.999775 -2.92394 0.99991 0.011469 -0.00703519 152.671
0.012673 -0.999736 0.0191301 -0.457308 -0.00683796 -0.0192178 -0.999792 -2.96279 0.999896 0.0125395 -0.00707971 154.005
0.0129575 -0.999655 0.0228602 -0.455289 -0.00381053 -0.0229113 -0.999731 -2.98849 0.999909 0.0128669 -0.00410609 155.301
0.0135579 -0.999512 0.028156 -0.444857 -0.000747618 -0.0281687 -0.999603 -3.01944 0.999908 0.0135315 -0.00112916 156.639
0.0134799 -0.999383 0.0324203 -0.442074 0.000751281 -0.0324132 -0.999474 -3.04351 0.999909 0.0134972 0.000313885 157.999
0.0133886 -0.99938 0.0325755 -0.433658 0.000649479 -0.0325697 -0.999469 -3.07588 0.99991 0.0134026 0.000213013 159.311
0.0145122 -0.999395 0.0316023 -0.432207 0.00108935 -0.0315898 -0.9995 -3.09632 0.999894 0.0145393 0.000630245 160.679
0.0154259 -0.999439 0.0297128 -0.432103 0.000585827 -0.0297073 -0.999558 -3.11306 0.999881 0.0154365 0.00012723 162.021
0.0166373 -0.999572 0.0240661 -0.441385 -0.00192193 -0.0241013 -0.999708 -3.14032 0.99986 0.0165861 -0.00232209 163.388
0.0170724 -0.999588 0.0230704 -0.436698 -0.00234923 -0.0231138 -0.99973 -3.16114 0.999851 0.0170136 -0.00274287 164.718
0.0174523 -0.999639 0.0204271 -0.437732 -0.00128676 -0.0204527 -0.99979 -3.18894 0.999847 0.0174223 -0.00164325 166.078
0.0173852 -0.999662 0.0193293 -0.429497 -0.00146445 -0.0193576 -0.999811 -3.2128 0.999848 0.0173536 -0.0018005 167.426
0.0168388 -0.999719 0.0166706 -0.429721 -0.00402498 -0.0167406 -0.999852 -3.24518 0.99985 0.0167692 -0.00430574 168.788
0.0163392 -0.999772 0.0137409 -0.424714 -0.00695144 -0.013856 -0.99988 -3.26952 0.999842 0.0162417 -0.00717625 170.183
0.0161108 -0.999853 0.00592951 -0.423111 -0.00829833 -0.00606379 -0.999947 -3.31001 0.999835 0.0160608 -0.00839479 171.56
0.0164238 -0.999862 0.00228528 -0.430741 -0.00737661 -0.00240669 -0.99997 -3.34124 0.999838 0.0164065 -0.00741511 172.916
0.0170944 -0.999854 0.000236391 -0.439517 -0.00510083 -0.000323626 -0.999987 -3.37426 0.999841 0.017093 -0.00510563 174.299
0.0171815 -0.999852 -0.00022377 -0.436038 -0.00303006 0.000171733 -0.999996 -3.40357 0.999848 0.0171821 -0.00302666 175.661
0.0162243 -0.999868 0.000961044 -0.426185 -0.00205308 -0.000994486 -0.999997 -3.43523 0.999867 0.0162222 -0.00206895 177.079
0.014926 -0.99988 0.00417498 -0.430236 -0.00196939 -0.00420484 -0.999989 -3.45107 0.999887 0.0149177 -0.00203191 178.451
0.0128116 -0.999906 0.00480471 -0.423999 -0.00580026 -0.00487934 -0.999971 -3.48605 0.999902 0.0127833 -0.00586223 179.783
0.0111972 -0.999936 0.00194686 -0.434326 -0.0102917 -0.00206213 -0.999945 -3.51798 0.999884 0.0111766 -0.0103142 181.193
0.0105458 -0.999943 -0.00171113 -0.451263 -0.0113888 0.001591 -0.999934 -3.54773 0.99988 0.0105646 -0.0113714 182.583
0.0103873 -0.999931 -0.00564906 -0.459903 -0.01022 0.00554291 -0.999932 -3.58416 0.999894 0.0104444 -0.0101617 183.955
0.0105044 -0.999915 -0.00767422 -0.462324 -0.00679229 0.00760312 -0.999948 -3.62623 0.999922 0.010556 -0.00671185 185.392
0.0109727 -0.999911 -0.00761335 -0.472407 -0.00460734 0.00756317 -0.999961 -3.65556 0.999929 0.0110073 -0.00452394 186.754
0.0109735 -0.999911 -0.00761604 -0.476955 -0.00380949 0.00757464 -0.999964 -3.68581 0.999933 0.0110021 -0.00372603 188.181
0.0109249 -0.999921 -0.00618521 -0.478945 -0.00315424 0.00615108 -0.999976 -3.71815 0.999936 0.0109442 -0.00308679 189.6
0.0109927 -0.999935 -0.0031481 -0.475775 -0.00266002 0.00311904 -0.999991 -3.74513 0.999936 0.011001 -0.00262555 191.021
0.0111258 -0.999938 -0.000979305 -0.472452 -0.00249241 0.000951631 -0.999996 -3.77618 0.999935 0.0111282 -0.00248167 192.424
0.0116192 -0.999929 0.00264832 -0.480574 -0.00144341 -0.00266526 -0.999995 -3.7995 0.999932 0.0116153 -0.00147429 193.821
0.0117697 -0.999902 0.00762938 -0.483912 1.6031e-06 -0.00762989 -0.99997 -3.82196 0.999931 0.0117694 -8.81904e-05 195.256
0.0124523 -0.999854 0.0117141 -0.477195 0.000295089 -0.0117114 -0.999932 -3.84714 0.999923 0.0124549 0.000149207 196.672
0.0124071 -0.999879 0.00938739 -0.484738 -0.00418224 -0.00943984 -0.999946 -3.86892 0.999914 0.0123672 -0.00429886 198.127
0.013168 -0.999913 0.000769005 -0.49263 -0.00969281 -0.00089668 -0.999953 -3.90281 0.999866 0.0131599 -0.00970377 199.564
0.014176 -0.999864 -0.00837986 -0.500925 -0.00992214 0.00823963 -0.999917 -3.93699 0.99985 0.0142579 -0.00980399 200.977
0.015571 -0.999764 -0.0151215 -0.527024 -0.00626225 0.0150255 -0.999867 -3.97115 0.999859 0.0156637 -0.00602682 202.437
0.0163094 -0.999727 -0.0167563 -0.5219 -0.0038444 0.0166957 -0.999853 -4.00815 0.999859 0.0163715 -0.00357105 203.898
0.0159734 -0.999746 -0.0158498 -0.521545 -0.00356256 0.0157947 -0.999869 -4.03568 0.999866 0.0160278 -0.00330936 205.35
0.0146572 -0.999812 -0.0127133 -0.511779 -0.00363476 0.0126613 -0.999914 -4.06666 0.999886 0.0147021 -0.00344849 206.803
0.0135392 -0.999854 -0.0103516 -0.50604 -0.00403454 0.0102978 -0.999938 -4.09856 0.999901 0.0135801 -0.00389454 208.228
0.013032 -0.999855 -0.0109534 -0.507454 -0.00482498 0.0108914 -0.999929 -4.12377 0.999903 0.0130839 -0.00468235 209.657
0.0129138 -0.999845 -0.0119778 -0.510738 -0.00462768 0.011919 -0.999919 -4.15679 0.999906 0.0129681 -0.00447304 211.135
0.0127693 -0.999827 -0.0135513 -0.512092 -0.00367305 0.0135054 -0.999902 -4.18999 0.999912 0.0128179 -0.00349995 212.614
0.0124341 -0.999836 -0.0131819 -0.513644 -0.00382617 0.0131353 -0.999907 -4.22557 0.999915 0.0124834 -0.00366221 214.076
0.0119754 -0.999848 -0.012668 -0.516253 -0.00513236 0.0126073 -0.999908 -4.25113 0.999915 0.0120393 -0.0049806 215.544
0.0120914 -0.999857 -0.0118788 -0.531104 -0.00537629 0.0118145 -0.999916 -4.28331 0.999912 0.0121542 -0.00523266 217.009
0.0114018 -0.999862 -0.0121133 -0.523699 -0.0053929 0.0120525 -0.999913 -4.31511 0.999921 0.0114661 -0.00525473 218.498
0.0109314 -0.999862 -0.0125093 -0.527696 -0.00566575 0.0124479 -0.999906 -4.34593 0.999925 0.0110013 -0.00552889 219.949
0.0109092 -0.99986 -0.0126897 -0.536867 -0.00597336 0.0126252 -0.999902 -4.38042 0.999923 0.010984 -0.00583479 221.425
0.0105108 -0.999849 -0.0138839 -0.545315 -0.00630075 0.0138183 -0.999884 -4.414 0.999925 0.0105971 -0.00615455 222.896
0.00992725 -0.999853 -0.0139664 -0.547538 -0.00632741 0.0139041 -0.999883 -4.44767 0.999931 0.0100145 -0.00618846 224.417
0.00959552 -0.999862 -0.0135403 -0.555236 -0.00636657 0.0134795 -0.999888 -4.4782 0.999934 0.00968066 -0.00623636 225.867
0.00962798 -0.999868 -0.0130288 -0.561918 -0.00635995 0.0129679 -0.999896 -4.5163 0.999933 0.00970984 -0.00623426 227.359
0.00964068 -0.999873 -0.0126948 -0.57104 -0.00667256 0.0126308 -0.999898 -4.55169 0.999931 0.0097244 -0.00654994 228.885
0.00979761 -0.999887 -0.0113244 -0.573934 -0.00638875 0.0112621 -0.999916 -4.58537 0.999932 0.00986915 -0.0062777 230.376
0.00979131 -0.999908 -0.00937336 -0.581851 -0.00553477 0.00931948 -0.999941 -4.61896 0.999937 0.00984261 -0.00544301 231.858
0.00993551 -0.99991 -0.00900034 -0.586948 -0.00524285 0.00894857 -0.999946 -4.65244 0.999937 0.00998216 -0.00515348 233.374
0.00973969 -0.999909 -0.00936669 -0.596263 -0.00564128 0.00931205 -0.999941 -4.68595 0.999936 0.00979195 -0.00555006 234.862
0.0103409 -0.999889 -0.0107826 -0.602276 -0.00631356 0.0107177 -0.999923 -4.72386 0.999926 0.0104081 -0.00620202 236.4
0.0101495 -0.999884 -0.0113603 -0.611716 -0.00558509 0.011304 -0.99992 -4.75617 0.999933 0.0102122 -0.00546971 237.893
0.0112101 -0.999871 -0.0115401 -0.620082 -0.00342006 0.0115024 -0.999928 -4.78931 0.999931 0.0112488 -0.00329067 239.417
0.0116144 -0.999877 -0.010538 -0.621355 -0.0030451 0.0105033 -0.99994 -4.81716 0.999928 0.0116458 -0.00292274 240.945
0.0121301 -0.99986 -0.0115951 -0.625157 -0.00467335 0.0115392 -0.999923 -4.84829 0.999916 0.0121833 -0.00453272 242.422
0.0128949 -0.999835 -0.0127437 -0.62685 -0.00607954 0.0126661 -0.999901 -4.89023 0.999899 0.0129711 -0.00591522 243.971
0.0127118 -0.999837 -0.0128413 -0.632604 -0.00568187 0.0127699 -0.999902 -4.91492 0.999903 0.0127835 -0.00551861 245.465
0.0130231 -0.999836 -0.0126203 -0.628462 -0.00453429 0.0125622 -0.999911 -4.95085 0.999905 0.0130792 -0.00436995 246.989
0.0127973 -0.999842 -0.0123451 -0.632618 -0.00388331 0.0122962 -0.999917 -4.98812 0.999911 0.0128442 -0.00372533 248.505
0.0124871 -0.99983 -0.0135649 -0.640044 -0.00383094 0.013518 -0.999901 -5.02253 0.999914 0.0125379 -0.00366149 250.051
0.012368 -0.999818 -0.0145295 -0.643703 -0.00376048 0.0144839 -0.999888 -5.05026 0.999917 0.0124213 -0.00358066 251.577
0.0130581 -0.999784 -0.0161478 -0.637145 -0.00363553 0.0161016 -0.999864 -5.08841 0.999909 0.013115 -0.00342449 253.122
0.0130654 -0.999781 -0.0163519 -0.64341 -0.00357452 0.0163065 -0.999861 -5.11125 0.999909 0.013122 -0.00336068 254.646
0.0128721 -0.999801 -0.0152327 -0.647475 -0.00343185 0.0151898 -0.999879 -5.15201 0.999912 0.0129228 -0.00323564 256.191
0.0127914 -0.999838 -0.0126573 -0.649394 -0.00252375 0.0126261 -0.999917 -5.17312 0.999915 0.0128223 -0.00236184 257.739
0.0129487 -0.999865 -0.0100687 -0.648352 -0.00153578 0.0100497 -0.999949 -5.21298 0.999915 0.0129635 -0.00140544 259.287
0.012648 -0.999883 -0.00861381 -0.639742 -0.00242979 0.00858374 -0.99996 -5.23852 0.999917 0.0126684 -0.00232094 260.83
0.0124589 -0.999888 -0.00831372 -0.645296 -0.00368652 0.00826837 -0.999959 -5.27194 0.999915 0.012489 -0.00358309 262.35
0.013106 -0.999892 -0.00670295 -0.637992 -0.00160973 0.00668242 -0.999976 -5.31094 0.999913 0.0131165 -0.00152198 263.877
0.0133414 -0.999906 -0.00315208 -0.64102 0.000398095 0.00315767 -0.999995 -5.32844 0.99991 0.0133401 0.000440192 265.428
0.0134511 -0.999906 -0.00267484 -0.638931 -0.000474374 0.0026687 -0.999997 -5.3595 0.999909 0.0134523 -0.000438426 266.999
0.0138494 -0.999902 -0.00192602 -0.638238 -0.00156131 0.00190458 -0.999997 -5.3876 0.999903 0.0138523 -0.00153478 268.532
0.0145374 -0.999891 -0.00262186 -0.636656 -0.0018281 0.00259555 -0.999995 -5.41481 0.999893 0.0145422 -0.00179017 270.079
0.0155609 -0.999867 -0.00487059 -0.646734 -0.00159162 0.00484641 -0.999987 -5.44518 0.999877 0.0155685 -0.001516 271.584
0.0168337 -0.999839 -0.00635465 -0.634578 -0.00222649 0.00631805 -0.999978 -5.47887 0.999855 0.0168475 -0.00211977 273.144
0.017196 -0.999824 -0.00756858 -0.640437 -0.00234957 0.00752926 -0.999968 -5.50824 0.999849 0.0172132 -0.00221968 274.702
0.0184485 -0.999798 -0.00798949 -0.629477 -0.00249158 0.00794486 -0.999966 -5.53807 0.999827 0.0184677 -0.00234451 276.251
0.019095 -0.999782 -0.00852126 -0.633362 -0.00328779 0.00845998 -0.999959 -5.57215 0.999813 0.0191223 -0.00312553 277.825
0.0200859 -0.999766 -0.00802993 -0.620755 -0.00382618 0.00795462 -0.999961 -5.60572 0.999791 0.0201159 -0.00366551 279.345
0.0209849 -0.999752 -0.00753127 -0.60743 -0.00358904 0.00745755 -0.999966 -5.63591 0.999774 0.0210112 -0.00343165 280.878
0.0217947 -0.999745 -0.00586613 -0.5975 -0.00250552 0.00581289 -0.99998 -5.66941 0.999759 0.0218089 -0.00237819 282.471
0.0218368 -0.99975 -0.00468978 -0.587246 -0.00192707 0.00464879 -0.999987 -5.69878 0.999759 0.0218455 -0.00182508 283.94
0.0221986 -0.999747 -0.00373253 -0.577226 -0.004325 0.00363738 -0.999984 -5.73813 0.999744 0.0222144 -0.00424316 285.528
0.0216891 -0.999758 -0.0034773 -0.563663 -0.00672165 0.00333221 -0.999972 -5.76023 0.999742 0.0217118 -0.00664775 287.088
0.0206802 -0.99978 -0.00337508 -0.544782 -0.00664167 0.00323835 -0.999973 -5.79809 0.999764 0.020702 -0.00657325 288.649
0.0204142 -0.99979 -0.00207492 -0.532053 -0.00644944 0.00194361 -0.999978 -5.83973 0.999771 0.0204272 -0.0064084 290.232
0.0191493 -0.999815 -0.00220909 -0.524404 -0.00717129 0.00207209 -0.999973 -5.87332 0.999791 0.0191646 -0.00713028 291.787
0.0184616 -0.999827 -0.00244683 -0.521404 -0.0074588 0.00230946 -0.99997 -5.90975 0.999802 0.0184793 -0.00741487 293.335
0.0184077 -0.999827 -0.00225752 -0.501272 -0.00710305 0.00212708 -0.999973 -5.94184 0.999805 0.0184232 -0.00706267 294.89
0.017707 -0.99984 -0.00232115 -0.494481 -0.00701352 0.00219724 -0.999973 -5.98535 0.999819 0.0177228 -0.0069735 296.441
0.0164384 -0.999864 -0.00183429 -0.48931 -0.00577735 0.00173952 -0.999982 -6.01617 0.999849 0.0164487 -0.00574796 298.046
0.0160424 -0.999865 -0.00347517 -0.490387 -0.00429227 0.00340671 -0.999985 -6.05598 0.999862 0.016057 -0.00423703 299.588
0.0168473 -0.999852 -0.00346617 -0.475378 -0.00439958 0.0033925 -0.999984 -6.09056 0.999848 0.0168622 -0.00434178 301.223
0.0176414 -0.999836 -0.00421914 -0.472033 -0.00477264 0.00413554 -0.999981 -6.11935 0.999833 0.0176612 -0.0046989 302.775
0.0181176 -0.99983 -0.00348962 -0.471436 -0.00486894 0.00340193 -0.999982 -6.15176 0.999824 0.0181343 -0.00480648 304.371
0.0184424 -0.999829 -0.00108471 -0.458057 -0.00603431 0.00097357 -0.999982 -6.18012 0.999812 0.0184487 -0.00601532 306.002
0.0189104 -0.999821 8.78808e-05 -0.451171 -0.0077844 -0.000235129 -0.99997 -6.21993 0.999791 0.0189091 -0.00778745 307.539
0.0190926 -0.999818 0.000754446 -0.454062 -0.00887432 -0.000924013 -0.99996 -6.25421 0.999778 0.0190852 -0.00889034 309.16
0.0173535 -0.99985 -0.000118 -0.437344 -0.0097385 -5.10113e-05 -0.999952 -6.29882 0.999802 0.0173538 -0.00973792 310.754
0.0147698 -0.99989 -0.00129816 -0.422364 -0.00915368 0.00116303 -0.999958 -6.33666 0.99985 0.014781 -0.00913549 312.365
0.0147516 -0.999889 -0.00206702 -0.410273 -0.00599665 0.00197873 -0.99998 -6.37671 0.999873 0.0147637 -0.00596679 313.965
0.0147424 -0.999891 -0.000951945 -0.425348 -0.00302837 0.000907394 -0.999995 -6.40874 0.999887 0.0147452 -0.00301466 315.6
0.0161224 -0.99987 1.60804e-05 -0.396801 -0.00215802 -5.08795e-05 -0.999997 -6.44486 0.999868 0.0161224 -0.00215856 317.25
0.0158193 -0.999875 0.00093148 -0.412657 -0.00343212 -0.000985886 -0.999994 -6.48137 0.999869 0.015816 -0.00344728 318.875
0.016582 -0.999861 0.00172316 -0.396472 -0.00367218 -0.00178429 -0.999991 -6.50788 0.999856 0.0165756 -0.00370126 320.471
0.0165275 -0.999862 0.00178837 -0.401762 -0.00329505 -0.00184307 -0.999993 -6.54194 0.999858 0.0165215 -0.00332505 322.09
0.0166315 -0.99986 0.00181235 -0.399707 -0.00311684 -0.00186443 -0.999993 -6.58101 0.999856 0.0166257 -0.00314741 323.719
0.0175532 -0.999846 0.000413527 -0.375688 -0.00389545 -0.000481972 -0.999993 -6.61421 0.999838 0.0175514 -0.0039033 325.36
0.0183907 -0.99983 -0.000236714 -0.377825 -0.00485616 0.000147429 -0.999989 -6.64909 0.99982 0.0183916 -0.00485263 326.972
0.019294 -0.999814 0.00064786 -0.366301 -0.0030536 -0.0007069 -0.999995 -6.69048 0.999809 0.019292 -0.00306667 328.649
0.0192892 -0.999812 0.00199828 -0.349689 -0.0019699 -0.00203665 -0.999996 -6.72712 0.999812 0.0192852 -0.00200881 330.242
0.0195302 -0.999806 0.00257244 -0.352194 -0.00316823 -0.00263481 -0.999992 -6.76304 0.999804 0.0195219 -0.00321907 331.855
0.019977 -0.999799 0.00173629 -0.328812 -0.00305159 -0.0017976 -0.999994 -6.80615 0.999796 0.0199716 -0.00308689 333.476
0.0189019 -0.999821 6.50324e-05 -0.345055 -0.00514051 -0.000162225 -0.999987 -6.81881 0.999808 0.0189013 -0.00514265 335.092
0.0186193 -0.999825 -0.00177086 -0.322509 -0.00839624 0.00161474 -0.999964 -6.8648 0.999791 0.0186335 -0.00836471 336.706
0.0179211 -0.999834 -0.00329157 -0.316555 -0.00733958 0.00316045 -0.999968 -6.91062 0.999812 0.0179447 -0.00728172 338.297
0.0166624 -0.999854 -0.0036192 -0.317527 -0.00443771 0.00354572 -0.999984 -6.94912 0.999852 0.0166782 -0.00437798 339.921
0.0158962 -0.999861 -0.00496939 -0.305197 -0.00131334 0.00494913 -0.999986 -6.9883 0.999872 0.0159026 -0.00123449 341.546
0.014744 -0.999877 -0.0053512 -0.298071 -0.00228113 0.00531813 -0.999983 -7.01499 0.999889 0.014756 -0.00220244 343.136
0.0127235 -0.999906 -0.00512406 -0.298021 -0.00425141 0.00507034 -0.999978 -7.05139 0.99991 0.012745 -0.0041865 344.753
0.0109678 -0.999932 -0.00378704 -0.316941 -0.00271539 0.00375747 -0.99999 -7.08225 0.999936 0.0109779 -0.00267399 346.345
0.0100216 -0.999948 -0.00193552 -0.302194 -0.00196201 0.00191594 -0.999996 -7.12977 0.999948 0.0100254 -0.0019427 347.973
0.00955561 -0.999952 -0.00177146 -0.314542 -0.00293752 0.00174347 -0.999995 -7.16056 0.99995 0.00956077 -0.00292072 349.558
0.00918563 -0.999956 -0.00171625 -0.324927 -0.00372911 0.00168205 -0.999991 -7.19459 0.999951 0.00919196 -0.00371349 351.139
0.00919278 -0.999957 -0.00129926 -0.339314 -0.00381468 0.00126424 -0.999992 -7.22451 0.999951 0.00919766 -0.00380289 352.756
0.00924403 -0.999957 -0.000685978 -0.344815 -0.00396045 0.00064939 -0.999992 -7.26505 0.999949 0.00924667 -0.00395428 354.347
0.00912141 -0.999959 0.000183248 -0.351648 -0.00444778 -0.000223817 -0.99999 -7.30243 0.999949 0.0091205 -0.00444964 355.933
0.00903529 -0.999959 0.000221736 -0.366454 -0.00506862 -0.000267537 -0.999987 -7.34315 0.999947 0.00903405 -0.00507083 357.541
0.00913086 -0.999958 0.000668285 -0.370017 -0.00502283 -0.000714167 -0.999987 -7.37985 0.999946 0.00912739 -0.00502914 359.123
0.00934961 -0.999956 0.000424239 -0.384462 -0.00591953 -0.000479598 -0.999982 -7.40903 0.999939 0.00934694 -0.00592375 360.702
0.00949871 -0.999954 0.00158851 -0.386453 -0.00671031 -0.00165229 -0.999976 -7.45425 0.999932 0.00948782 -0.00672569 362.307
0.00931955 -0.999952 0.00329205 -0.385904 -0.00564659 -0.00334477 -0.999978 -7.48295 0.999941 0.00930075 -0.00567749 363.893
0.00963427 -0.999938 0.00559916 -0.402031 -0.00429161 -0.00564071 -0.999975 -7.53156 0.999944 0.00960999 -0.0043457 365.506
0.00936463 -0.99994 0.00568452 -0.397485 -0.00522977 -0.00573366 -0.999969 -7.56636 0.999943 0.00933462 -0.00528316 367.07
0.00993936 -0.999942 0.00414311 -0.413551 -0.006001 -0.00420289 -0.999973 -7.60381 0.999933 0.00991423 -0.00604242 368.697
0.0102375 -0.999944 0.00264513 -0.418336 -0.00523065 -0.00269878 -0.999983 -7.63415 0.999934 0.0102235 -0.00525798 370.27
0.0109071 -0.99994 0.00162541 -0.430211 -0.00432274 -0.00167265 -0.99999 -7.66585 0.999931 0.0108999 -0.00434072 371.878
0.0114419 -0.999934 0.00137326 -0.434037 -0.00446632 -0.00142444 -0.999989 -7.70089 0.999925 0.0114356 -0.00448233 373.469
0.0113354 -0.999935 0.00113144 -0.439072 -0.00519885 -0.00119044 -0.999986 -7.7439 0.999922 0.0113293 -0.005212 375.084
0.0120499 -0.999927 0.000872912 -0.448737 -0.00564021 -0.000940926 -0.999983 -7.77595 0.999912 0.0120448 -0.00565114 376.66
0.0117194 -0.999931 0.000606363 -0.437677 -0.00568076 -0.00067298 -0.999984 -7.81681 0.999915 0.0117158 -0.00568826 378.279
0.0123485 -0.999923 -0.000702794 -0.460949 -0.00557147 0.000634033 -0.999984 -7.85497 0.999908 0.0123522 -0.00556321 379.913
0.0127317 -0.999917 -0.00174448 -0.457114 -0.00511774 0.00167944 -0.999986 -7.88749 0.999906 0.0127404 -0.00509594 381.521
0.0135475 -0.999905 -0.00239627 -0.462037 -0.00567705 0.00231953 -0.999982 -7.92707 0.999892 0.0135609 -0.00564509 383.14
0.0137945 -0.999897 -0.0038727 -0.462162 -0.00614426 0.00378823 -0.999974 -7.96921 0.999886 0.013818 -0.00609136 384.773
0.0138894 -0.999891 -0.00496463 -0.458792 -0.00610691 0.00488019 -0.999969 -8.00419 0.999885 0.0139193 -0.00603847 386.376
0.0140536 -0.999885 -0.00559942 -0.471058 -0.00528456 0.00552562 -0.999971 -8.03722 0.999887 0.0140827 -0.0052063 388.009
0.0143719 -0.999875 -0.00659423 -0.475732 -0.0048172 0.0065256 -0.999967 -8.07082 0.999885 0.0144032 -0.0047228 389.595
0.0147724 -0.999861 -0.00777399 -0.468778 -0.00528061 0.00769671 -0.999956 -8.10972 0.999877 0.0148128 -0.00516618 391.218
0.0152 -0.99985 -0.00827525 -0.474647 -0.00507512 0.00819895 -0.999953 -8.14878 0.999871 0.0152412 -0.00494974 392.848
