0.00592965 -0.999981 -0.0015959 -0.821901 -0.0175995 0.00149132 -0.999844 0.268478 0.999828 0.00595681 -0.0175903 -1.0924
0.0176759 -0.999843 0.00129044 -0.814057 -0.0164353 -0.00158102 -0.999864 0.256237 0.999709 0.0176523 -0.0164606 -0.794936
0.0245823 -0.999692 0.00324472 -0.804627 -0.0160959 -0.00364107 -0.999864 0.247501 0.999568 0.0245267 -0.0161805 -0.49658
0.0267369 -0.999624 0.00604983 -0.79225 -0.017377 -0.00651584 -0.999828 0.241616 0.999492 0.0266272 -0.0175447 -0.195943
0.0250852 -0.999657 0.00753195 -0.779854 -0.0192046 -0.00801482 -0.999783 0.237735 0.999501 0.0249351 -0.0193991 0.109101
0.0186749 -0.999775 0.0100403 -0.768128 -0.0204024 -0.0104211 -0.999737 0.23299 0.999618 0.0184652 -0.0205924 0.419638
0.00668042 -0.9999 0.0124438 -0.756375 -0.0226081 -0.012592 -0.999665 0.228061 0.999722 0.00639685 -0.0226899 0.733666
-0.00939142 -0.999883 0.0121022 -0.750477 -0.0228074 -0.0118854 -0.999669 0.219929 0.999696 -0.00966433 -0.0226931 1.05825
-0.0285663 -0.999561 0.00786219 -0.750957 -0.0225909 -0.00721781 -0.999719 0.212802 0.999337 -0.0287359 -0.0223748 1.3978
-0.0481235 -0.998831 0.00455491 -0.759516 -0.0238089 -0.00341181 -0.999711 0.208237 0.998558 -0.048218 -0.0236169 1.74181
-0.0681482 -0.997666 0.00422015 -0.770698 -0.0244016 -0.00256193 -0.999699 0.201776 0.997377 -0.0682307 -0.0241701 2.09856
-0.0890078 -0.996013 0.00603175 -0.787255 -0.0238262 -0.00392493 -0.999708 0.193457 0.995746 -0.0891256 -0.0233819 2.46668
-0.108966 -0.994015 0.00776571 -0.815892 -0.0229648 -0.00529284 -0.999722 0.183646 0.99378 -0.109114 -0.0222506 2.84344
-0.127074 -0.991868 0.00701842 -0.863998 -0.0224717 -0.00419513 -0.999739 0.174377 0.991639 -0.127199 -0.0217559 3.22739
-0.142849 -0.989728 0.00577028 -0.922862 -0.0213838 -0.00274246 -0.999768 0.164819 0.989514 -0.142939 -0.0207724 3.6266
-0.156655 -0.98764 0.00504418 -0.989905 -0.0215606 -0.00168625 -0.999766 0.156476 0.987418 -0.156728 -0.02103 4.03813
-0.168901 -0.985612 0.00638801 -1.06056 -0.0221777 -0.00267913 -0.99975 0.14704 0.985384 -0.169 -0.0214061 4.46483
-0.178888 -0.983818 0.0101148 -1.13565 -0.0244123 -0.00583904 -0.999685 0.138345 0.983567 -0.179078 -0.0229727 4.90372
-0.186806 -0.982346 0.0100003 -1.22042 -0.0265325 -0.00513077 -0.999635 0.132974 0.982038 -0.187003 -0.0251056 5.35859
-0.194173 -0.980924 0.00919203 -1.31557 -0.0281868 -0.00378744 -0.999596 0.126225 0.980562 -0.194354 -0.0269137 5.82526
-0.202333 -0.979266 0.00996811 -1.41321 -0.0308725 -0.00379548 -0.999516 0.118282 0.97883 -0.202542 -0.0294644 6.31197
-0.210059 -0.977592 0.0137385 -1.51142 -0.0323951 -0.00708482 -0.99945 0.104704 0.977152 -0.210388 -0.0301809 6.8008
-0.217777 -0.975787 0.0203228 -1.61399 -0.0340568 -0.0132123 -0.999333 0.0874376 0.975404 -0.218324 -0.0303549 7.30969
-0.226466 -0.973785 0.0213594 -1.72825 -0.0351985 -0.0137329 -0.999286 0.0737041 0.973383 -0.227056 -0.0311658 7.826
-0.235072 -0.971821 0.017467 -1.85607 -0.0400506 -0.00827074 -0.999164 0.0656421 0.971153 -0.235575 -0.0369778 8.35457
-0.243842 -0.969705 0.0146049 -1.98753 -0.0436341 -0.00407447 -0.999039 0.0489838 0.968833 -0.244245 -0.0413187 8.8925
-0.252162 -0.967539 0.0168236 -2.11655 -0.0451263 -0.00560915 -0.998966 0.0191407 0.966632 -0.25266 -0.0422471 9.43902
-0.260711 -0.965206 0.020169 -2.25117 -0.0474676 -0.00805041 -0.99884 -0.00835428 0.96425 -0.261366 -0.0437172 9.99669
-0.268632 -0.963037 0.0198959 -2.39748 -0.0499709 -0.00669423 -0.998728 -0.0307363 0.961946 -0.269285 -0.0463256 10.5612
-0.276543 -0.960815 0.0189279 -2.55703 -0.0533151 -0.00432637 -0.998568 -0.053916 0.959522 -0.277156 -0.0500296 11.1402
-0.284287 -0.958531 0.0200041 -2.72101 -0.0583286 -0.0035345 -0.998291 -0.0774259 0.956964 -0.284968 -0.0549049 11.728
-0.290036 -0.956771 0.021644 -2.89725 -0.0656873 -0.00266055 -0.997837 -0.0973457 0.954759 -0.29083 -0.062076 12.3297
-0.294126 -0.955508 0.0222378 -3.08186 -0.0738864 -0.000465873 -0.997266 -0.113772 0.952907 -0.294965 -0.070462 12.9438
-0.298035 -0.954292 0.0224086 -3.27504 -0.0823561 0.00231857 -0.9966 -0.138439 0.950996 -0.298867 -0.0792828 13.5696
-0.302123 -0.953018 0.0218835 -3.47473 -0.0913473 0.00609272 -0.9958 -0.166532 0.948882 -0.302853 -0.0888964 14.2066
-0.30625 -0.951705 0.0216301 -3.68164 -0.0984158 0.00905275 -0.995104 -0.207622 0.94685 -0.306879 -0.0964352 14.8549
-0.311374 -0.950089 0.0194474 -3.90839 -0.104744 0.0139733 -0.994401 -0.257487 0.944498 -0.311667 -0.103867 15.5257
-0.316216 -0.948505 0.0185891 -4.13359 -0.110686 0.0174261 -0.993703 -0.314333 0.942208 -0.316283 -0.110497 16.1728
-0.321238 -0.946855 0.0164681 -4.37359 -0.115893 0.0220478 -0.993017 -0.377149 0.93988 -0.320904 -0.116816 16.8455
-0.326319 -0.945157 0.0139457 -4.62118 -0.119198 0.026509 -0.992517 -0.445359 0.937714 -0.325539 -0.121311 17.5324
-0.331378 -0.943415 0.0125029 -4.87424 -0.120381 0.0291335 -0.9923 -0.520996 0.935787 -0.330332 -0.123223 18.2275
-0.337535 -0.94123 0.0124846 -5.12971 -0.119646 0.0297434 -0.992371 -0.605209 0.933678 -0.336453 -0.122654 18.9348
-0.343854 -0.938944 0.0121726 -5.39245 -0.118023 0.0303543 -0.992547 -0.690187 0.931577 -0.342728 -0.121255 19.6483
-0.350706 -0.936405 0.0123067 -5.66585 -0.116019 0.0304045 -0.992781 -0.776133 0.929271 -0.349603 -0.119304 20.3756
-0.358993 -0.933265 0.011877 -5.94433 -0.113317 0.0309509 -0.993077 -0.863757 0.926436 -0.357853 -0.116866 21.1059
-0.36754 -0.929952 0.0101605 -6.25192 -0.107549 0.0316491 -0.993696 -0.962456 0.923768 -0.366316 -0.111648 21.8522
-0.376123 -0.926545 0.00676318 -6.55813 -0.10202 0.0341572 -0.994196 -1.05222 0.920936 -0.37463 -0.107374 22.5848
-0.384956 -0.922929 0.00315168 -6.88273 -0.0980339 0.0374942 -0.994476 -1.14135 0.917714 -0.383139 -0.104912 23.3321
-0.393886 -0.919157 0.00207512 -7.21002 -0.0962075 0.0389823 -0.994598 -1.22259 0.914111 -0.391957 -0.103784 24.0837
-0.403034 -0.915182 0.00249286 -7.5493 -0.0954118 0.0393087 -0.994661 -1.30205 0.910198 -0.40112 -0.103162 24.8426
-0.411677 -0.911326 0.00261808 -7.89683 -0.0943907 0.0397818 -0.99474 -1.37891 0.906428 -0.409759 -0.102398 25.6068
-0.420277 -0.907394 0.00143552 -8.25971 -0.0924733 0.0412569 -0.99486 -1.45768 0.902671 -0.41825 -0.101249 26.3781
-0.428196 -0.903682 0.00262754 -8.62833 -0.0902643 0.0398769 -0.995119 -1.53708 0.899167 -0.426343 -0.0986453 27.1551
-0.436277 -0.899809 0.00233333 -9.01101 -0.0863359 0.0392789 -0.995491 -1.61627 0.895661 -0.434512 -0.0948223 27.9436
-0.443848 -0.896102 0.000188872 -9.40644 -0.0806733 0.0397483 -0.995948 -1.692 0.892464 -0.442064 -0.0899337 28.7381
-0.451402 -0.892321 8.95388e-05 -9.8113 -0.0762348 0.0384653 -0.996348 -1.76764 0.889058 -0.44976 -0.0853892 29.5389
-0.458745 -0.888567 0.000899381 -10.2268 -0.0741944 0.0372961 -0.996546 -1.83723 0.885465 -0.457227 -0.0830361 30.3469
-0.464937 -0.885341 0.00209817 -10.6547 -0.0733245 0.0361444 -0.996653 -1.90091 0.882302 -0.463535 -0.0817221 31.1621
-0.47093 -0.882169 0.00157442 -11.0962 -0.071511 0.0363958 -0.996776 -1.96389 0.879268 -0.469524 -0.0802247 31.9851
-0.476352 -0.879251 0.0026281 -11.5471 -0.0697968 0.034834 -0.996953 -2.02861 0.87648 -0.475084 -0.0779621 32.8181
-0.481178 -0.876614 0.00400611 -12.0109 -0.069595 0.0336448 -0.997008 -2.09256 0.873856 -0.480017 -0.0771971 33.6617
-0.484997 -0.874501 0.00506516 -12.4825 -0.0701721 0.0331427 -0.996984 -2.15381 0.871696 -0.48389 -0.0774397 34.5084
-0.487503 -0.873107 0.004959 -12.9689 -0.0707262 0.0338281 -0.996922 -2.21821 0.870252 -0.486353 -0.0782428 35.3858
-0.48829 -0.872668 0.00476781 -13.4633 -0.0695684 0.033479 -0.997015 -2.28696 0.869904 -0.487165 -0.0770576 36.2794
-0.488497 -0.872555 0.00432154 -13.9592 -0.0680146 0.0331392 -0.997134 -2.35817 0.869911 -0.487391 -0.0755349 37.1793
-0.488872 -0.872338 0.00542994 -14.4639 -0.0674048 0.0315674 -0.997226 -2.4279 0.869747 -0.487882 -0.0742323 38.0892
-0.489974 -0.871707 0.00730475 -14.981 -0.0678333 0.0297713 -0.997252 -2.49551 0.869094 -0.489123 -0.0737179 39.0048
-0.491818 -0.870641 0.00993895 -15.5055 -0.0684993 0.0273101 -0.997277 -2.56415 0.867999 -0.49116 -0.0730699 39.9263
-0.494568 -0.869075 0.0105625 -16.0341 -0.0668099 0.0258973 -0.99743 -2.63458 0.866567 -0.494003 -0.0708708 40.8502
-0.498194 -0.867013 0.00961197 -16.5662 -0.0625307 0.0248695 -0.997733 -2.70709 0.864808 -0.497665 -0.0666047 41.7722
-0.503001 -0.864227 0.0100808 -17.0985 -0.0584434 0.0223737 -0.99804 -2.77883 0.862308 -0.502604 -0.0617624 42.6903
-0.50957 -0.860371 0.0100094 -17.6354 -0.0560087 0.0215594 -0.998197 -2.84631 0.858604 -0.509212 -0.0591742 43.603
-0.518132 -0.855192 0.0136506 -18.1769 -0.0583322 0.0194097 -0.998109 -2.90809 0.853309 -0.517948 -0.059942 44.5091
-0.527844 -0.849154 0.0178481 -18.7349 -0.0617335 0.0173988 -0.997941 -2.96893 0.847095 -0.527859 -0.0616051 45.4174
-0.537538 -0.843036 0.0185414 -19.3124 -0.0614705 0.0172462 -0.99796 -3.02731 0.840996 -0.537581 -0.0610923 46.3123
-0.546636 -0.837231 0.0152823 -19.9073 -0.0562975 0.0185359 -0.998242 -3.08562 0.835476 -0.546535 -0.0572664 47.1985
-0.554635 -0.832032 0.0101279 -20.504 -0.0509327 0.0217981 -0.998464 -3.14384 0.830534 -0.554299 -0.0544676 48.0796
-0.560887 -0.827832 0.0100591 -21.1168 -0.0520322 0.0231223 -0.998378 -3.19344 0.826256 -0.5605 -0.0560428 48.9431
-0.566039 -0.824276 0.0130413 -21.7271 -0.0571962 0.0234859 -0.998087 -3.24511 0.822392 -0.565702 -0.0604393 49.8055
-0.570171 -0.821385 0.0152245 -22.3442 -0.0643554 0.0261824 -0.997584 -3.29546 0.819002 -0.569773 -0.067789 50.6614
-0.574957 -0.81803 0.0158346 -22.9631 -0.0646518 0.026131 -0.997566 -3.35676 0.815625 -0.574581 -0.0679113 51.5233
-0.579846 -0.814585 0.0151666 -23.5895 -0.0620411 0.0255858 -0.997746 -3.42498 0.812361 -0.579479 -0.0653735 52.3826
-0.584423 -0.811362 0.0118771 -24.2222 -0.0558994 0.0256536 -0.998107 -3.49256 0.809521 -0.583981 -0.0603472 53.2435
-0.588702 -0.808286 0.0102294 -24.859 -0.0528201 0.0258368 -0.99827 -3.54895 0.806623 -0.588223 -0.0579039 54.1025
-0.592938 -0.805187 0.00995295 -25.5008 -0.0532234 0.0268545 -0.998222 -3.59342 0.803488 -0.592413 -0.0587778 54.9594
-0.597659 -0.801672 0.0112313 -26.1466 -0.0549223 0.0269619 -0.998127 -3.64162 0.799867 -0.597156 -0.0601436 55.8168
-0.602952 -0.797656 0.0139144 -26.7988 -0.0573541 0.0259448 -0.998017 -3.68752 0.795713 -0.602555 -0.0613923 56.6621
-0.608654 -0.793286 0.0154153 -27.4629 -0.0579448 0.025065 -0.998005 -3.73891 0.791317 -0.608333 -0.0612227 57.5117
-0.614451 -0.788806 0.0153383 -28.13 -0.0567693 0.0248135 -0.998079 -3.79587 0.78691 -0.614141 -0.0600267 58.3426
-0.620741 -0.783872 0.0149888 -28.8042 -0.0559165 0.0251943 -0.998118 -3.85769 0.782019 -0.620411 -0.0594705 59.1781
-0.627407 -0.778519 0.0164111 -29.4891 -0.0570365 0.0249266 -0.998061 -3.91765 0.7766 -0.627126 -0.0600431 60.0085
-0.634115 -0.773026 0.0181188 -30.1814 -0.0580707 0.0242431 -0.998018 -3.97721 0.771055 -0.633911 -0.0602631 60.8404
-0.640889 -0.767392 0.0192654 -30.8825 -0.0587075 0.0239752 -0.997987 -4.03748 0.765385 -0.64073 -0.0604171 61.6667
-0.647599 -0.761698 0.0207745 -31.5913 -0.0596395 0.0234878 -0.997944 -4.09942 0.759644 -0.647506 -0.060638 62.4903
-0.654711 -0.755531 0.0229312 -32.318 -0.0610942 0.022655 -0.997875 -4.16221 0.753406 -0.654721 -0.0609911 63.3205
-0.661786 -0.749317 0.023751 -33.0487 -0.0605768 0.0218694 -0.997924 -4.22626 0.747242 -0.661851 -0.059864 64.1415
-0.668794 -0.743053 0.024203 -33.7776 -0.0593434 0.0209049 -0.998019 -4.29193 0.741075 -0.668905 -0.0580764 64.9461
-0.675889 -0.736603 0.0242985 -34.5359 -0.0582461 0.0205208 -0.998091 -4.36248 0.734699 -0.676014 -0.056774 65.7476
-0.682746 -0.73018 0.0263671 -35.3026 -0.0589884 0.0191154 -0.998076 -4.43145 0.728271 -0.682987 -0.0561231 66.5453
-0.689605 -0.723639 0.0281441 -36.0881 -0.0606556 0.018989 -0.997978 -4.50526 0.721641 -0.689918 -0.0569877 67.3382
-0.695939 -0.717569 0.0276249 -36.88 -0.0606792 0.0204312 -0.997948 -4.57531 0.715533 -0.696187 -0.0577604 68.131
-0.701571 -0.712093 0.0268781 -37.6898 -0.0595114 0.020962 -0.998007 -4.65129 0.710111 -0.701772 -0.057084 68.9212
-0.706632 -0.707088 0.0264222 -38.4974 -0.0594511 0.0221203 -0.997986 -4.7269 0.70508 -0.706779 -0.0576681 69.7134
-0.71147 -0.702175 0.0275761 -39.3146 -0.0604184 0.0220271 -0.99793 -4.80539 0.700114 -0.711664 -0.0580959 70.5014
-0.716511 -0.696957 0.0293779 -40.138 -0.0629798 0.0226896 -0.997757 -4.87892 0.694728 -0.716753 -0.0601516 71.2879
-0.72131 -0.691874 0.0319748 -40.9704 -0.0656422 0.0223314 -0.997593 -4.9545 0.689494 -0.721673 -0.061524 72.0725
-0.726112 -0.686789 0.0329038 -41.8155 -0.0667087 0.0227378 -0.997513 -5.03016 0.684333 -0.726502 -0.0623249 72.8534
-0.730818 -0.681816 0.032142 -42.6735 -0.0649917 0.0226326 -0.997629 -5.10657 0.679472 -0.731174 -0.0608526 73.6279
-0.735594 -0.676667 0.0319881 -43.5333 -0.0638116 0.0222035 -0.997715 -5.19128 0.674411 -0.735954 -0.0595119 74.4069
-0.740193 -0.671571 0.0332727 -44.3989 -0.0640342 0.0211455 -0.997724 -5.26717 0.669339 -0.740638 -0.0586552 75.1826
-0.744545 -0.666691 0.0342795 -45.2703 -0.0641507 0.0203412 -0.997733 -5.3425 0.664483 -0.745056 -0.0579136 75.9522
-0.74849 -0.662199 0.0354296 -46.1566 -0.064232 0.0192195 -0.99775 -5.418 0.660028 -0.749082 -0.05692 76.7271
-0.751867 -0.658327 0.0360818 -47.0516 -0.0639217 0.018317 -0.997787 -5.4921 0.656209 -0.752509 -0.0558533 77.5018
-0.755209 -0.654367 0.0382517 -47.9502 -0.0641992 0.0157646 -0.997813 -5.56746 0.652333 -0.756013 -0.0539154 78.2741
-0.758638 -0.650088 0.043058 -48.8573 -0.0672185 0.0123631 -0.997662 -5.64705 0.648036 -0.759758 -0.053077 79.0406
-0.762619 -0.645068 0.0479566 -49.7738 -0.0695294 0.00803858 -0.997547 -5.73389 0.643101 -0.764083 -0.0509816 79.8099
-0.767775 -0.638612 0.0519255 -50.6895 -0.0698083 0.00281616 -0.997556 -5.82688 0.636906 -0.769523 -0.0467426 80.5727
-0.774459 -0.630197 0.0553649 -51.6153 -0.0698817 -0.00175963 -0.997554 -5.91761 0.628753 -0.776434 -0.0426765 81.3311
-0.7817 -0.621035 0.0571076 -52.5552 -0.0688087 -0.00512647 -0.997617 -6.00787 0.619848 -0.783766 -0.0387252 82.0839
-0.788816 -0.612122 0.0554677 -53.5105 -0.0659048 -0.00548836 -0.997811 -6.09651 0.611086 -0.790744 -0.0360124 82.8254
-0.795819 -0.603017 0.0551551 -54.4774 -0.0652814 -0.00511514 -0.997854 -6.18081 0.602005 -0.797712 -0.0352951 83.5566
-0.802849 -0.593427 0.0572517 -55.4553 -0.0679646 -0.00430289 -0.997678 -6.25916 0.592295 -0.804877 -0.0368774 84.2772
-0.810037 -0.583386 0.0591682 -56.4427 -0.06926 -0.00500904 -0.997586 -6.34118 0.582274 -0.81218 -0.0363478 84.9898
-0.816967 -0.573452 0.060978 -57.442 -0.0707599 -0.0052591 -0.997479 -6.42676 0.572327 -0.819222 -0.0362809 85.6938
-0.824 -0.563194 0.0619394 -58.4478 -0.0696417 -0.00781686 -0.997541 -6.51968 0.562294 -0.826288 -0.0327807 86.3908
-0.831091 -0.552665 0.0620435 -59.4671 -0.0683037 -0.00928109 -0.997621 -6.61335 0.551926 -0.833352 -0.0300356 87.0786
-0.837927 -0.542208 0.0623694 -60.4987 -0.0680822 -0.00954237 -0.997634 -6.70053 0.54152 -0.84019 -0.0289189 87.7523
-0.844449 -0.531832 0.0637169 -61.5411 -0.0695145 -0.0091357 -0.997539 -6.78654 0.531106 -0.8468 -0.0292554 88.4151
-0.850707 -0.521649 0.0646526 -62.5996 -0.0710116 -0.00781645 -0.997445 -6.87366 0.520822 -0.853124 -0.0303936 89.0666
-0.856693 -0.511661 0.0654309 -63.661 -0.0722968 -0.00649297 -0.997362 -6.9623 0.510736 -0.859163 -0.031429 89.7037
-0.862452 -0.501883 0.0654972 -64.7436 -0.072469 -0.00562466 -0.997355 -7.0523 0.500923 -0.864918 -0.0315199 90.3354
-0.867691 -0.493012 0.0636524 -65.8352 -0.0705318 -0.00465174 -0.997499 -7.14446 0.492075 -0.87001 -0.0307368 90.9567
-0.872401 -0.484887 0.0616457 -66.9363 -0.0677426 -0.00495912 -0.99769 -7.23726 0.484073 -0.874563 -0.0285212 91.5696
-0.876581 -0.477238 0.0620509 -68.0453 -0.0677728 -0.00523652 -0.997687 -7.32585 0.476459 -0.878759 -0.0277535 92.1733
-0.880474 -0.469566 0.0653656 -69.1579 -0.0702423 -0.00714679 -0.997504 -7.41246 0.468862 -0.882868 -0.0266909 92.7685
-0.883975 -0.462452 0.0687484 -70.2786 -0.0724186 -0.00983536 -0.997326 -7.50103 0.461891 -0.88659 -0.0247959 93.3573
-0.88697 -0.45624 0.0716222 -71.4042 -0.0749206 -0.010881 -0.99713 -7.59328 0.45571 -0.88979 -0.0245307 93.9362
-0.889504 -0.450699 0.0751844 -72.5368 -0.0778282 -0.0126954 -0.996886 -7.68938 0.45025 -0.892586 -0.0237845 94.5099
-0.891854 -0.445855 0.0762261 -73.6625 -0.0775266 -0.0153531 -0.996872 -7.79006 0.44563 -0.894974 -0.0208728 95.0722
-0.894189 -0.441584 0.0736801 -74.796 -0.0739372 -0.0166546 -0.997124 -7.89445 0.441541 -0.897065 -0.0177571 95.6306
-0.896284 -0.437651 0.0716722 -75.9674 -0.0700138 -0.019947 -0.997347 -7.99989 0.437919 -0.898924 -0.0127634 96.2024
-0.897967 -0.434291 0.0710469 -77.0586 -0.0684569 -0.0216253 -0.99742 -8.09168 0.434707 -0.900513 -0.0103114 96.7286
-0.899344 -0.431367 0.0714396 -78.1859 -0.0680697 -0.0232667 -0.997409 -8.18369 0.431912 -0.901876 -0.00843827 97.266
-0.900673 -0.428746 0.0704594 -79.3102 -0.0660895 -0.025092 -0.997498 -8.27528 0.429441 -0.903076 -0.00573593 97.7982
-0.90187 -0.426388 0.0694534 -80.4344 -0.0642839 -0.0265241 -0.997579 -8.36549 0.427198 -0.904151 -0.00348863 98.3255
-0.902846 -0.424141 0.0705306 -81.5489 -0.064223 -0.0291685 -0.997509 -8.44718 0.425142 -0.905126 -0.000904976 98.8501
-0.904053 -0.421512 0.0708247 -82.6454 -0.0635751 -0.0312484 -0.997488 -8.53616 0.422666 -0.906284 0.00145257 99.3573
-0.905327 -0.418895 0.0700735 -83.7324 -0.0612562 -0.0344797 -0.997526 -8.62795 0.420275 -0.90738 0.00555553 99.858
-0.906379 -0.416725 0.0694098 -84.8204 -0.0597157 -0.0362715 -0.997556 -8.71302 0.418224 -0.908309 0.00799068 100.35
-0.907203 -0.414802 0.0701529 -85.903 -0.0595063 -0.0385534 -0.997483 -8.79129 0.416462 -0.909095 0.0102925 100.83
-0.90772 -0.413424 0.0715915 -86.9752 -0.0605123 -0.0398504 -0.997372 -8.86809 0.415191 -0.909666 0.0111557 101.307
-0.907917 -0.412781 0.0727882 -88.0372 -0.0617729 -0.0399878 -0.997289 -8.94492 0.414573 -0.909952 0.0108069 101.775
-0.907729 -0.4131 0.0733223 -89.0953 -0.0628242 -0.0389601 -0.997264 -9.02122 0.414826 -0.909852 0.00941251 102.227
-0.906807 -0.415157 0.0731173 -90.144 -0.0635736 -0.0367834 -0.997299 -9.0963 0.416725 -0.909006 0.00696244 102.672
-0.904853 -0.419405 0.0730819 -91.1861 -0.064589 -0.0344353 -0.997318 -9.1723 0.420797 -0.907146 0.00406989 103.122
-0.902438 -0.424535 0.0733212 -92.2205 -0.0656148 -0.0327665 -0.997307 -9.24761 0.425794 -0.904819 0.00171393 103.577
-0.899686 -0.43032 0.0734163 -93.2485 -0.0660334 -0.0320896 -0.997301 -9.31549 0.431514 -0.902106 0.000455088 104.044
-0.896433 -0.437253 0.0722305 -94.2693 -0.0652199 -0.0310497 -0.997388 -9.3865 0.438353 -0.898803 -0.000683578 104.517
-0.892549 -0.445399 0.0705461 -95.2836 -0.0641486 -0.0294441 -0.997506 -9.45513 0.446365 -0.894848 -0.00229147 104.995
-0.888118 -0.454232 0.0701394 -96.291 -0.0639197 -0.0290559 -0.997532 -9.52489 0.455149 -0.890409 -0.00322936 105.483
-0.883251 -0.463711 0.0695679 -97.2908 -0.0636725 -0.0283795 -0.997567 -9.59245 0.464558 -0.885532 -0.00445942 105.978
-0.878015 -0.473504 0.0698814 -98.2791 -0.064667 -0.0273079 -0.997533 -9.66182 0.474244 -0.880368 -0.00664335 106.48
-0.872155 -0.483987 0.0714282 -99.2574 -0.0674848 -0.0255889 -0.997392 -9.72601 0.484552 -0.874701 -0.0103442 106.995
-0.865706 -0.495351 0.0719711 -100.223 -0.0692999 -0.0237898 -0.997312 -9.78941 0.495732 -0.868367 -0.0137328 107.528
-0.858745 -0.50755 0.0703575 -101.185 -0.0688666 -0.0217417 -0.997389 -9.85026 0.507755 -0.861348 -0.0162827 108.075
-0.851276 -0.520375 0.067372 -102.139 -0.0666715 -0.0200867 -0.997573 -9.91227 0.520465 -0.853702 -0.0175948 108.635
-0.843693 -0.532891 0.0648806 -103.082 -0.0646072 -0.0191868 -0.997726 -9.97348 0.532925 -0.845966 -0.0182409 109.207
-0.836123 -0.544758 0.0643168 -104.014 -0.0640047 -0.0195625 -0.997758 -10.0236 0.544795 -0.838365 -0.0185104 109.785
-0.828478 -0.55627 0.0647101 -104.935 -0.0646439 -0.0197855 -0.997712 -10.0749 0.556278 -0.830766 -0.0195676 110.373
-0.820836 -0.567411 0.0653625 -105.834 -0.0654975 -0.0201726 -0.997649 -10.1243 0.567396 -0.823187 -0.0206056 110.964
-0.812992 -0.578455 0.066585 -106.717 -0.0660834 -0.0219517 -0.997573 -10.1816 0.578513 -0.815419 -0.0203798 111.562
-0.805207 -0.5892 0.0669712 -107.586 -0.0661587 -0.0229724 -0.997545 -10.2374 0.589292 -0.807661 -0.0204832 112.169
-0.797389 -0.600023 0.0643649 -108.442 -0.0641077 -0.0218297 -0.997704 -10.2995 0.600051 -0.799685 -0.0210594 112.779
-0.789971 -0.610058 0.061444 -109.283 -0.0605815 -0.0220611 -0.997919 -10.3593 0.610144 -0.79205 -0.0195306 113.397
-0.782267 -0.620093 0.0595296 -110.107 -0.0595432 -0.0206946 -0.998011 -10.4184 0.620092 -0.784255 -0.0207337 114.015
-0.774122 -0.630307 0.058725 -110.919 -0.0604306 -0.0187635 -0.997996 -10.471 0.630146 -0.776119 -0.0235646 114.639
-0.766216 -0.639923 0.0584011 -111.714 -0.0617812 -0.0171008 -0.997943 -10.5259 0.639606 -0.768249 -0.0264323 115.266
-0.758378 -0.649234 0.0579505 -112.493 -0.0618069 -0.016879 -0.997945 -10.5827 0.648878 -0.760402 -0.0273264 115.897
-0.750526 -0.658481 0.0557905 -113.266 -0.059524 -0.0167195 -0.998087 -10.6413 0.658154 -0.752411 -0.026647 116.526
-0.742861 -0.667292 0.053653 -114.025 -0.0573049 -0.0164665 -0.998221 -10.6997 0.666989 -0.744614 -0.0260068 117.159
-0.735377 -0.67559 0.0529048 -114.769 -0.0561436 -0.0170622 -0.998277 -10.7553 0.675329 -0.73708 -0.0253829 117.794
-0.728155 -0.683421 0.0522189 -115.499 -0.0565767 -0.0159961 -0.99827 -10.8076 0.683074 -0.729849 -0.0270181 118.432
-0.721053 -0.691 0.0510078 -116.216 -0.0559755 -0.015283 -0.998315 -10.8589 0.690615 -0.722693 -0.0276592 119.07
-0.714072 -0.698376 0.0486986 -116.918 -0.053769 -0.0146454 -0.998446 -10.909 0.698004 -0.715581 -0.0270931 119.711
-0.706512 -0.706234 0.0455425 -117.599 -0.0507667 -0.0136106 -0.998618 -10.9502 0.705878 -0.707847 -0.0262371 120.34
-0.699068 -0.713748 0.043219 -118.268 -0.0493844 -0.0121053 -0.998707 -10.993 0.713348 -0.700298 -0.0267856 120.973
-0.690935 -0.721644 0.0428802 -118.917 -0.0495443 -0.011907 -0.998701 -11.0337 0.721217 -0.692162 -0.0275264 121.596
-0.682481 -0.729814 0.0398896 -119.555 -0.0484649 -0.00926891 -0.998782 -11.0743 0.729295 -0.683583 -0.0290445 122.224
-0.672846 -0.738879 0.0365533 -120.176 -0.0453355 -0.00813497 -0.998939 -11.1148 0.738392 -0.673789 -0.0280239 122.855
-0.66253 -0.748322 0.0326812 -120.784 -0.0420832 -0.00637459 -0.999094 -11.1536 0.747852 -0.663305 -0.0272684 123.499
-0.650744 -0.758675 0.0307199 -121.382 -0.0416055 -0.00476944 -0.999123 -11.1881 0.758157 -0.651451 -0.0284614 124.146
-0.639097 -0.768552 0.0297088 -121.953 -0.0424578 -0.00331424 -0.999093 -11.2192 0.767953 -0.639779 -0.0305129 124.783
-0.627068 -0.778384 0.0300603 -122.516 -0.0438648 -0.00324385 -0.999032 -11.2497 0.777729 -0.62778 -0.0321096 125.433
-0.614521 -0.788314 0.0303962 -123.065 -0.0447771 -0.00361415 -0.99899 -11.2816 0.787628 -0.615262 -0.0330774 126.088
-0.601402 -0.798465 0.0277451 -123.606 -0.0425302 -0.00268292 -0.999092 -11.3159 0.797814 -0.602035 -0.0323453 126.753
-0.587773 -0.80863 0.0252919 -124.134 -0.0397902 -0.00233007 -0.999205 -11.3502 0.808047 -0.588312 -0.030806 127.422
-0.574274 -0.818317 0.0238138 -124.65 -0.0375526 -0.00272691 -0.999291 -11.3833 0.817802 -0.574761 -0.0291639 128.102
-0.561104 -0.827441 0.0224593 -125.151 -0.0348334 -0.00350529 -0.999387 -11.4197 0.827012 -0.561542 -0.0268557 128.792
-0.548809 -0.835674 0.0213857 -125.639 -0.0329818 -0.00391685 -0.999448 -11.4547 0.835297 -0.549212 -0.0254125 129.487
-0.537617 -0.842915 0.0214827 -126.111 -0.031412 -0.00543852 -0.999492 -11.4998 0.842604 -0.538019 -0.0235538 130.188
-0.526934 -0.849634 0.0215257 -126.573 -0.0310769 -0.00604902 -0.999499 -11.531 0.849338 -0.527338 -0.0232165 130.899
-0.51577 -0.856485 0.0203897 -127.036 -0.030945 -0.00515972 -0.999508 -11.5603 0.856168 -0.516147 -0.0238427 131.628
-0.504764 -0.863057 0.0186043 -127.478 -0.0302225 -0.00387045 -0.999536 -11.5869 0.862728 -0.505092 -0.0241301 132.338
-0.49388 -0.869362 0.0170942 -127.92 -0.0296645 -0.00280195 -0.999556 -11.6151 0.869024 -0.494168 -0.0244054 133.07
-0.483314 -0.875271 0.0175472 -128.352 -0.0298625 -0.00354895 -0.999548 -11.6401 0.874938 -0.48362 -0.0244225 133.81
-0.473825 -0.880418 0.0188075 -128.775 -0.0307572 -0.00479866 -0.999515 -11.6603 0.880082 -0.474174 -0.0248054 134.565
-0.465529 -0.884818 0.0194863 -129.193 -0.0314815 -0.00544834 -0.999489 -11.6722 0.884473 -0.465905 -0.0253191 135.322
-0.458936 -0.888274 0.0186089 -129.614 -0.0309675 -0.00493949 -0.999508 -11.687 0.88793 -0.459286 -0.0252408 136.092
-0.452772 -0.891466 0.0168832 -130.032 -0.0276732 -0.00487612 -0.999605 -11.7019 0.891197 -0.453061 -0.0224619 136.876
-0.446643 -0.894622 0.0127407 -130.456 -0.0231845 -0.00266267 -0.999728 -11.7185 0.894412 -0.446817 -0.0195521 137.672
-0.440075 -0.897911 0.00951747 -130.875 -0.0202406 -0.000677303 -0.999795 -11.7298 0.897733 -0.440177 -0.0178762 138.473
-0.43349 -0.90113 0.00713859 -131.294 -0.0184921 0.000975215 -0.999829 -11.7387 0.900968 -0.433548 -0.0170866 139.288
-0.42669 -0.904385 0.00489593 -131.711 -0.0161949 0.00222793 -0.999866 -11.7449 0.904253 -0.426712 -0.015597 140.122
-0.419701 -0.907656 0.00337647 -132.129 -0.0134497 0.0024995 -0.999906 -11.7522 0.907563 -0.419707 -0.0132567 140.969
-0.412312 -0.911037 0.00324065 -132.544 -0.0112265 0.00152395 -0.999936 -11.7578 0.910974 -0.412321 -0.0108561 141.831
-0.404443 -0.914557 0.00338069 -132.958 -0.010341 0.000876748 -0.999946 -11.7611 0.914505 -0.404456 -0.00981201 142.706
-0.396118 -0.918192 0.00379806 -133.367 -0.0104299 0.00036334 -0.999945 -11.7631 0.91814 -0.396136 -0.00972056 143.596
-0.387124 -0.922006 0.00632496 -133.771 -0.0109658 -0.00225535 -0.999937 -11.7651 0.921962 -0.387169 -0.00923744 144.502
-0.377412 -0.926014 0.00768204 -134.174 -0.0120859 -0.00336936 -0.999921 -11.7666 0.925967 -0.377475 -0.00992008 145.422
-0.366204 -0.930494 0.0087097 -134.579 -0.0141996 -0.00377092 -0.999892 -11.7688 0.930426 -0.366288 -0.0118317 146.376
-0.353266 -0.935494 0.00741523 -134.965 -0.0155493 -0.00205374 -0.999877 -11.7738 0.935394 -0.353337 -0.0138208 147.311
-0.336939 -0.941521 0.00336066 -135.342 -0.0142291 0.0015231 -0.999898 -11.7858 0.941419 -0.336952 -0.0139102 148.289
-0.31832 -0.947982 -0.00111359 -135.708 -0.0110098 0.00487156 -0.999928 -11.797 0.947919 -0.318285 -0.0119878 149.284
-0.298107 -0.954522 -0.00446477 -136.056 -0.00956734 0.00766511 -0.999925 -11.8059 0.954485 -0.298042 -0.0114173 150.304
-0.276759 -0.960916 -0.006645 -136.389 -0.00848804 0.00935941 -0.99992 -11.8105 0.960902 -0.27668 -0.0107466 151.331
-0.255023 -0.966899 -0.00827588 -136.694 -0.00724744 0.01047 -0.999919 -11.8213 0.966908 -0.254943 -0.00967765 152.384
-0.233048 -0.972423 -0.00911236 -136.981 -0.00503036 0.0105757 -0.999931 -11.8312 0.972452 -0.232986 -0.00735629 153.457
-0.210719 -0.977476 -0.0117407 -137.245 -0.00136961 0.0123055 -0.999923 -11.8396 0.977546 -0.210687 -0.00393178 154.542
-0.188195 -0.982034 -0.0138567 -137.493 0.00261442 0.0136079 -0.999904 -11.8419 0.982128 -0.188213 6.5034e-06 155.65
-0.16528 -0.986113 -0.016266 -137.712 0.00625424 0.0154446 -0.999861 -11.8418 0.986227 -0.165358 0.00361471 156.777
-0.142801 -0.989581 -0.0183796 -137.912 0.0063072 0.0176597 -0.999824 -11.8333 0.989731 -0.142892 0.00371965 157.917
-0.120506 -0.992551 -0.0178976 -138.087 0.00398262 0.0175455 -0.999838 -11.8223 0.992705 -0.120558 0.00183862 159.075
-0.0992518 -0.994898 -0.0180831 -138.234 0.00267652 0.0179058 -0.999836 -11.8057 0.995059 -0.0992839 0.000885684 160.247
-0.0785435 -0.996764 -0.0170733 -138.361 0.00445169 0.0167753 -0.999849 -11.7948 0.996901 -0.0786076 0.00311969 161.438
-0.0581839 -0.998143 -0.018005 -138.462 0.00659461 0.0176508 -0.999822 -11.7813 0.998284 -0.0582923 0.00555537 162.648
-0.0377192 -0.999114 -0.0186856 -138.539 0.00758092 0.0184123 -0.999802 -11.7628 0.99926 -0.0378534 0.0068797 163.866
-0.0169379 -0.999653 -0.0201647 -138.593 0.00824556 0.0200273 -0.999765 -11.7444 0.999823 -0.0171002 0.00790347 165.111
0.0039548 -0.999772 -0.0209741 -138.627 0.0091243 0.0210095 -0.999738 -11.7302 0.999951 0.00376239 0.0092053 166.351
0.024631 -0.999422 -0.0234206 -138.634 0.00805584 0.0236253 -0.999688 -11.7142 0.999664 0.0244346 0.0086331 167.608
0.0449779 -0.998673 -0.0250789 -138.618 0.00707448 0.0254221 -0.999652 -11.7 0.998963 0.0447849 0.00820853 168.872
0.0647779 -0.997577 -0.0253638 -138.572 0.00448775 0.0257081 -0.999659 -11.6879 0.99789 0.064642 0.00614221 170.142
0.0840516 -0.996072 -0.0278488 -138.502 0.00207468 0.0281226 -0.999602 -11.6734 0.996459 0.0839604 0.00443028 171.43
0.103496 -0.994229 -0.0282455 -138.406 0.00031035 0.0284302 -0.999596 -11.6664 0.99463 0.103445 0.00325098 172.727
0.12271 -0.992025 -0.0287983 -138.28 -0.00281407 0.0286697 -0.999585 -11.6688 0.992439 0.12274 0.00072642 174.026
0.141541 -0.98947 -0.0302612 -138.132 -0.00812561 0.0294067 -0.999534 -11.6696 0.989899 0.141721 -0.00387779 175.333
0.159711 -0.986645 -0.031997 -137.953 -0.0144938 0.0300659 -0.999443 -11.6767 0.987058 0.160086 -0.00949837 176.651
0.177437 -0.983531 -0.034398 -137.754 -0.0200405 0.0313344 -0.999308 -11.6884 0.983928 0.178003 -0.0141506 177.976
0.195134 -0.980083 -0.0368716 -137.527 -0.023855 0.0328404 -0.999176 -11.7107 0.980487 0.195852 -0.0169716 179.311
0.212929 -0.976266 -0.0395606 -137.279 -0.0272042 0.0345497 -0.999033 -11.7368 0.976689 0.213799 -0.0192019 180.648
0.230541 -0.972261 -0.039494 -136.999 -0.0269656 0.0341882 -0.999052 -11.7773 0.972689 0.231387 -0.0183358 182.001
0.247921 -0.967996 -0.0389838 -136.692 -0.0269687 0.0333285 -0.99908 -11.8187 0.968405 0.248745 -0.0178427 183.359
0.264786 -0.963528 -0.038752 -136.359 -0.0321384 0.0313464 -0.998992 -11.8599 0.963772 0.265764 -0.0226661 184.712
0.281135 -0.958844 -0.0397649 -136.003 -0.0370245 0.0305682 -0.998847 -11.9019 0.958954 0.282283 -0.0269069 186.068
0.297724 -0.95371 -0.0424066 -135.626 -0.0371298 0.0328193 -0.998771 -11.9518 0.95393 0.298933 -0.02564 187.431
0.314949 -0.948048 -0.0448631 -135.227 -0.0374161 0.0348298 -0.998693 -11.9984 0.948371 0.316215 -0.0245026 188.796
0.332392 -0.941871 -0.0489345 -134.799 -0.0407704 0.0374867 -0.998465 -12.0407 0.94226 0.333876 -0.0259402 190.169
0.349497 -0.935596 -0.0501264 -134.34 -0.0443309 0.0369277 -0.998334 -12.0893 0.935888 0.351137 -0.0285696 191.534
0.366347 -0.929053 -0.051493 -133.853 -0.0470662 0.036767 -0.998215 -12.1442 0.929287 0.368116 -0.0302575 192.903
0.383509 -0.922056 -0.052286 -133.338 -0.0511544 0.0353197 -0.998066 -12.2066 0.92212 0.385442 -0.0336218 194.274
0.401688 -0.914116 -0.0551267 -132.796 -0.0576842 0.0348209 -0.997727 -12.2735 0.913958 0.403955 -0.0387429 195.633
0.42244 -0.904482 -0.0587901 -132.223 -0.061561 0.0360808 -0.997451 -12.3502 0.904298 0.424982 -0.0404388 197.008
0.445433 -0.893147 -0.0622753 -131.616 -0.0626368 0.0382991 -0.997301 -12.4356 0.893122 0.448132 -0.0388842 198.365
0.469898 -0.880129 -0.0675918 -130.975 -0.0653306 0.0416869 -0.996992 -12.5226 0.8803 0.4729 -0.0379108 199.731
0.494319 -0.866303 -0.071886 -130.294 -0.0684233 0.0436635 -0.9967 -12.6149 0.866584 0.497606 -0.0376916 201.077
0.51817 -0.851884 -0.0761096 -129.572 -0.0719881 0.0452315 -0.996379 -12.7145 0.852243 0.521773 -0.0378879 202.404
0.541517 -0.837074 -0.0778905 -128.807 -0.0741296 0.0447458 -0.996244 -12.8174 0.837416 0.545257 -0.0378213 203.722
0.564311 -0.821711 -0.0796527 -128.004 -0.0759995 0.0443664 -0.99612 -12.9278 0.822057 0.568175 -0.0374131 205.013
0.58645 -0.805832 -0.0819197 -127.163 -0.080867 0.0423824 -0.995823 -13.0428 0.805938 0.590625 -0.0403101 206.287
0.607467 -0.789832 -0.0845479 -126.287 -0.0862576 0.0402181 -0.995461 -13.1626 0.789648 0.612003 -0.0436978 207.538
0.627378 -0.773867 -0.0867511 -125.37 -0.0899248 0.03866 -0.995198 -13.2929 0.773505 0.632166 -0.0453354 208.765
0.646385 -0.757852 -0.0885851 -124.424 -0.0927493 0.0371973 -0.994994 -13.4301 0.757354 0.651365 -0.0462464 209.974
0.664162 -0.742248 -0.0891994 -123.444 -0.0944787 0.0350238 -0.994911 -13.5738 0.741595 0.669209 -0.0468652 211.164
0.680677 -0.727022 -0.0900941 -122.432 -0.0961347 0.0332727 -0.994812 -13.719 0.726249 0.685807 -0.0472441 212.325
0.696003 -0.712235 -0.0911049 -121.398 -0.0988249 0.0306548 -0.994633 -13.8659 0.711205 0.701271 -0.0490507 213.464
0.710543 -0.697518 -0.092719 -120.333 -0.102095 0.0281783 -0.994375 -14.0152 0.696208 0.716013 -0.0511909 214.578
0.724351 -0.68288 -0.0948125 -119.243 -0.106229 0.0253311 -0.994019 -14.1705 0.681198 0.730091 -0.0541933 215.679
0.737943 -0.667822 -0.0972292 -118.131 -0.10923 0.0239792 -0.993727 -14.3317 0.665965 0.743934 -0.0552509 216.755
0.751392 -0.652512 -0.0981734 -116.993 -0.110047 0.0227787 -0.993665 -14.5036 0.650615 0.757436 -0.054691 217.81
0.765067 -0.63622 -0.0994883 -115.838 -0.110018 0.0230848 -0.993662 -14.6736 0.634484 0.771163 -0.0523339 218.842
0.778945 -0.618957 -0.100681 -114.665 -0.108475 0.0251375 -0.993781 -14.8429 0.617639 0.785023 -0.0475608 219.854
0.792592 -0.601169 -0.101955 -113.479 -0.106808 0.0277417 -0.993892 -15.012 0.600326 0.79864 -0.0422217 220.829
0.805552 -0.58341 -0.103532 -112.284 -0.105626 0.0305396 -0.993937 -15.1782 0.583035 0.811603 -0.0370224 221.774
0.817633 -0.565782 -0.106616 -111.078 -0.108133 0.0309764 -0.993654 -15.3418 0.565494 0.823973 -0.0358522 222.68
0.829328 -0.547731 -0.110477 -109.868 -0.110624 0.0328537 -0.993319 -15.5037 0.547701 0.836009 -0.0333456 223.552
0.841534 -0.528709 -0.110853 -108.638 -0.109841 0.0334479 -0.993386 -15.6722 0.52892 0.848144 -0.0299265 224.398
0.85418 -0.508193 -0.110073 -107.4 -0.107894 0.0338588 -0.993586 -15.84 0.50866 0.860577 -0.0259093 225.203
0.866654 -0.486978 -0.108462 -106.155 -0.105139 0.0342489 -0.993868 -16.0046 0.487706 0.872743 -0.0215182 225.978
0.878384 -0.465725 -0.107434 -104.904 -0.103363 0.0343605 -0.99405 -16.1658 0.466646 0.884262 -0.0179573 226.713
0.889527 -0.444347 -0.106285 -103.647 -0.102007 0.0336036 -0.994216 -16.3228 0.445349 0.895224 -0.0154353 227.407
0.899818 -0.423168 -0.106093 -102.381 -0.101874 0.0326493 -0.994261 -16.476 0.424203 0.905463 -0.0137313 228.067
0.909352 -0.402464 -0.105359 -101.119 -0.101863 0.0301486 -0.994341 -16.6278 0.403363 0.914939 -0.0135805 228.688
0.918235 -0.381599 -0.105955 -99.8458 -0.103248 0.0276277 -0.994272 -16.7788 0.38234 0.923915 -0.0140304 229.271
0.926574 -0.361001 -0.105537 -98.5768 -0.104028 0.0236703 -0.994293 -16.9302 0.361439 0.932265 -0.0156219 229.82
0.934609 -0.340235 -0.103662 -97.3074 -0.102549 0.0213058 -0.9945 -17.0789 0.340572 0.940099 -0.0149781 230.332
0.941958 -0.319559 -0.102937 -96.0383 -0.101734 0.0205046 -0.9946 -17.2266 0.319945 0.947344 -0.0131955 230.817
0.947973 -0.29961 -0.107614 -94.7739 -0.106487 0.0201376 -0.99411 -17.3687 0.300012 0.953849 -0.0128146 231.27
0.95278 -0.280227 -0.116975 -93.5235 -0.115773 0.0209013 -0.993056 -17.5119 0.280726 0.959706 -0.0125282 231.684
0.957166 -0.260981 -0.125388 -92.2766 -0.123814 0.0225345 -0.992049 -17.6597 0.261732 0.965081 -0.0107438 232.074
0.961891 -0.241126 -0.128935 -91.0316 -0.126628 0.0251041 -0.991632 -17.8193 0.242345 0.970169 -0.00638592 232.439
0.966562 -0.220965 -0.130124 -89.7904 -0.127151 0.0276888 -0.991497 -17.9851 0.222689 0.974889 -0.00133296 232.774
0.97087 -0.200916 -0.130553 -88.5576 -0.126881 0.0311024 -0.99143 -18.1481 0.203255 0.979115 0.00470399 233.082
0.974698 -0.18141 -0.13059 -87.328 -0.126696 0.0329421 -0.991394 -18.3119 0.184151 0.982856 0.00912475 233.361
0.978171 -0.16234 -0.129724 -86.1016 -0.126065 0.0326825 -0.991483 -18.4764 0.165197 0.986194 0.0115037 233.613
0.981175 -0.143517 -0.129226 -84.8789 -0.125841 0.0324572 -0.991519 -18.6377 0.146495 0.989115 0.0137858 233.841
0.983594 -0.125134 -0.129942 -83.6633 -0.127036 0.0309599 -0.991415 -18.798 0.128083 0.991657 0.0145555 234.037
0.985474 -0.10573 -0.1329 -82.4562 -0.12998 0.0340743 -0.990931 -18.9531 0.1093 0.993811 0.0198365 234.217
0.987114 -0.0864789 -0.134639 -81.2566 -0.132094 0.034533 -0.990636 -19.1083 0.0903186 0.995655 0.0226646 234.372
0.988816 -0.0692553 -0.132088 -80.0662 -0.129939 0.0346757 -0.990915 -19.2699 0.0732064 0.996996 0.0252889 234.5
0.990341 -0.0539552 -0.127724 -78.8816 -0.126118 0.0322025 -0.991492 -19.4363 0.0576092 0.998024 0.0250867 234.604
0.99152 -0.0396288 -0.123764 -77.6912 -0.122566 0.0313687 -0.991965 -19.5966 0.0431927 0.998722 0.0262455 234.689
0.992353 -0.0271582 -0.120405 -76.5539 -0.119606 0.0293307 -0.992388 -19.7487 0.030483 0.999201 0.0258581 234.754
0.992619 -0.0165027 -0.120147 -75.4147 -0.119647 0.028511 -0.992407 -19.8938 0.0198029 0.999457 0.026326 234.805
0.992369 -0.00782739 -0.123058 -74.291 -0.122792 0.0283994 -0.992026 -20.034 0.0112598 0.999566 0.0272215 234.843
0.992218 -0.00103424 -0.124507 -73.1775 -0.124423 0.0294744 -0.991791 -20.1723 0.0046955 0.999565 0.0291163 234.873
0.991786 0.00498291 -0.127809 -72.0805 -0.127901 0.0301297 -0.991329 -20.3136 -0.00108887 0.999534 0.0305196 234.895
0.990609 0.0102856 -0.136336 -71.0004 -0.136583 0.0293502 -0.990194 -20.4551 -0.00618326 0.999516 0.0304794 234.909
0.989929 0.0150669 -0.140759 -69.9251 -0.141163 0.0303562 -0.989521 -20.5951 -0.0106361 0.999426 0.0321774 234.918
0.991025 0.0187992 -0.13235 -68.8546 -0.132878 0.0303325 -0.990668 -20.7509 -0.0146093 0.999363 0.0325582 234.92
0.992369 0.0213041 -0.121446 -67.7903 -0.122041 0.0293162 -0.992092 -20.9019 -0.0175753 0.999343 0.0316924 234.916
0.992746 0.0225758 -0.118093 -66.7415 -0.118708 0.0281645 -0.99253 -21.0355 -0.0190811 0.999348 0.0306402 234.911
0.992549 0.022668 -0.119717 -65.7042 -0.120347 0.0288 -0.992314 -21.1596 -0.0190459 0.999328 0.0313135 234.905
0.992135 0.0221563 -0.123194 -64.6758 -0.123797 0.0282787 -0.991905 -21.2831 -0.0184932 0.999354 0.0307991 234.901
0.991883 0.0206302 -0.125468 -63.6574 -0.126057 0.0302711 -0.991561 -21.4086 -0.016658 0.999329 0.032626 234.898
0.991846 0.0186899 -0.126066 -62.6423 -0.126628 0.0327376 -0.99141 -21.5365 -0.0144022 0.999289 0.0348373 234.899
0.991696 0.0154448 -0.127671 -61.6366 -0.128129 0.0335465 -0.99119 -21.6618 -0.0110258 0.999318 0.0352468 234.9
0.991644 0.0119394 -0.128454 -60.6362 -0.128807 0.0361659 -0.99101 -21.7878 -0.00718645 0.999274 0.0374016 234.907
0.99137 0.00721217 -0.130895 -59.6436 -0.131074 0.0375583 -0.990661 -21.9138 -0.00222864 0.999268 0.0381795 234.918
0.991478 0.00115869 -0.13027 -58.6491 -0.130215 0.03918 -0.990711 -22.0434 0.00395606 0.999232 0.038997 234.931
0.991838 -0.0055756 -0.127385 -57.6587 -0.127082 0.0383503 -0.991151 -22.1773 0.0104115 0.999249 0.0373287 234.949
0.991762 -0.0130904 -0.127421 -56.6844 -0.126878 0.0362568 -0.991255 -22.3079 0.0175958 0.999257 0.0342973 234.97
0.991514 -0.0204948 -0.128371 -55.7086 -0.127601 0.0352586 -0.991199 -22.4337 0.0248406 0.999168 0.0323443 235.001
0.991367 -0.0275174 -0.128194 -54.7325 -0.127191 0.0355414 -0.991241 -22.5611 0.0318326 0.998989 0.0317346 235.039
0.991324 -0.0342459 -0.126898 -53.7582 -0.125631 0.0369239 -0.99139 -22.6896 0.0386366 0.998731 0.0323012 235.085
0.991249 -0.0409638 -0.125487 -52.7863 -0.123959 0.037933 -0.991562 -22.8163 0.0453783 0.99844 0.0325232 235.137
0.991277 -0.0477671 -0.122834 -51.8182 -0.121072 0.0381985 -0.991908 -22.9426 0.0520727 0.998128 0.032082 235.196
0.990756 -0.0547878 -0.124103 -50.8579 -0.122131 0.0380034 -0.991786 -23.0665 0.0590541 0.997775 0.0309608 235.262
0.990124 -0.0617111 -0.125883 -49.9 -0.123697 0.0380713 -0.99159 -23.1845 0.0659847 0.997368 0.0300619 235.334
0.989412 -0.0685714 -0.127912 -48.9431 -0.125545 0.0378013 -0.991368 -23.3033 0.0728147 0.99693 0.0287923 235.411
0.988789 -0.075153 -0.129031 -47.9882 -0.126308 0.039941 -0.991187 -23.4243 0.0796443 0.996372 0.0300008 235.497
0.988077 -0.081653 -0.130524 -47.0377 -0.127451 0.0418009 -0.990964 -23.5455 0.0863712 0.995784 0.0308957 235.59
0.987553 -0.0885919 -0.129967 -46.0885 -0.126595 0.0427021 -0.991035 -23.6694 0.0933475 0.995152 0.0309553 235.688
0.987237 -0.0949698 -0.127847 -45.1423 -0.124171 0.0436792 -0.991299 -23.7964 0.0997277 0.994521 0.0313292 235.795
0.986857 -0.101345 -0.125866 -44.1954 -0.121898 0.0444647 -0.991546 -23.9194 0.106085 0.993857 0.0315266 235.907
